550	0	5
55	0	5
482	0	5
1145	0	5
461	1	5
311	1	5
1256	1	3
1294	1	5
599	1	5
795	2	4
597	2	3
131	2	5
77	2	5
612	2	2
1271	3	4
1112	3	5
514	3	5
532	3	5
889	3	4
679	4	5
831	4	5
1408	4	4
489	5	4
435	5	5
225	5	5
1371	5	5
57	5	4
1131	5	5
741	5	4
830	5	4
75	5	4
887	5	4
1339	5	5
1158	6	5
1173	6	5
1088	6	5
820	6	5
831	6	4
156	6	5
176	6	5
1019	6	5
24	6	2
658	6	5
566	6	5
145	6	5
783	6	5
287	6	5
1267	6	4
983	6	3
1290	6	5
822	6	5
1114	6	5
628	6	5
919	6	5
242	6	5
1085	6	4
149	6	5
1001	6	5
165	6	5
672	6	5
830	6	4
688	6	3
1125	6	5
1303	6	3
1281	6	4
103	6	5
285	6	4
1043	6	5
1384	6	5
61	6	5
109	6	5
876	6	5
797	6	5
1273	6	5
99	6	4
1068	6	1
85	6	5
82	6	5
1335	7	3
391	7	5
987	7	5
1217	7	4
1405	7	5
192	8	5
599	8	5
634	8	5
776	8	4
622	9	5
240	9	5
703	9	5
368	9	5
963	9	5
615	9	5
164	10	5
789	10	5
1069	10	5
909	10	4
1360	10	5
246	10	5
1095	11	4
517	11	5
1025	11	5
402	11	5
435	11	5
1020	11	4
1248	11	5
1018	11	5
242	11	5
748	11	5
1150	12	5
1334	12	5
926	12	5
816	12	4
230	12	4
1204	12	2
75	12	5
1279	12	5
939	13	4
985	13	5
453	13	5
425	13	4
320	13	5
634	13	5
541	14	5
226	14	5
514	14	5
479	14	5
218	14	4
897	14	5
1294	14	5
1408	14	5
98	14	3
1273	14	5
1268	14	5
641	14	5
225	15	5
620	15	5
30	15	4
374	15	4
166	16	4
394	16	5
11	16	4
778	16	4
747	16	3
134	17	4
568	17	4
513	17	5
595	17	4
1062	18	4
1087	18	5
947	18	5
778	18	4
1115	18	4
87	18	5
582	19	5
1127	19	5
575	19	5
503	19	5
235	19	5
811	19	5
816	19	5
741	19	4
776	19	4
384	19	5
1112	20	5
125	20	5
845	20	4
878	20	4
575	20	4
84	20	5
108	20	5
1334	20	5
343	20	5
741	20	4
1115	20	5
1255	21	5
155	21	5
1271	21	4
845	21	1
218	21	4
368	21	5
30	21	5
1341	21	4
890	21	5
208	21	4
26	21	4
494	21	5
879	21	5
955	21	5
896	21	5
1255	22	5
240	22	4
1347	22	5
789	22	5
105	22	5
275	22	5
811	22	5
1374	22	5
615	22	5
866	22	5
282	22	5
420	23	5
1230	23	5
424	23	5
206	23	5
74	23	5
722	23	5
112	24	5
514	24	3
1411	24	4
865	24	5
1111	24	4
929	24	4
55	25	5
635	25	5
3	25	5
286	25	5
1410	25	5
429	25	4
68	25	4
140	25	5
284	25	5
122	25	5
142	25	5
204	25	5
1424	25	4
486	25	5
697	25	5
396	25	5
1219	25	5
345	25	4
565	25	5
1160	25	2
871	25	3
128	25	5
1204	25	5
1319	25	5
422	26	4
513	26	5
1333	26	5
1203	26	5
712	26	4
525	26	5
72	26	5
560	26	4
323	26	5
1078	26	4
500	26	4
71	26	5
1167	26	3
855	26	4
1011	26	5
1073	26	5
1241	26	5
87	26	5
859	26	5
29	27	4
613	27	5
557	27	4
392	27	5
504	27	5
188	27	5
223	27	5
894	27	5
1207	27	5
988	28	4
775	28	5
1332	28	5
1303	28	5
397	29	4
1313	29	4
1231	29	2
1282	29	3
1074	29	3
370	29	5
496	29	5
1423	29	5
9	29	4
669	29	4
1404	29	4
1224	29	5
294	29	4
303	29	5
1353	29	4
1300	30	5
658	30	5
377	30	3
1222	30	4
290	30	5
1380	30	5
572	30	5
1297	30	5
1364	31	5
880	31	5
227	31	4
65	31	5
433	31	3
631	31	3
997	31	5
510	31	3
725	31	5
599	31	5
419	31	5
969	31	2
401	31	5
2	31	5
858	32	4
1412	32	5
426	32	4
1276	32	5
114	32	5
973	32	5
1083	32	3
851	32	5
948	33	5
389	33	5
477	33	5
493	33	5
702	33	5
1388	34	4
31	34	4
1234	34	5
493	34	4
1194	34	4
702	34	5
399	35	5
958	35	5
1325	35	5
470	35	1
553	35	4
1249	35	5
969	35	1
934	35	4
894	35	5
244	35	3
371	35	5
1194	35	4
1017	35	3
1255	36	4
1048	36	4
389	36	5
1203	36	5
1000	36	5
246	36	5
160	36	4
170	36	4
857	37	5
1123	37	4
634	37	5
864	38	3
372	38	5
744	38	5
514	38	4
1326	38	4
389	38	5
877	38	5
170	38	4
962	38	5
1418	38	5
1391	39	5
779	39	5
1276	39	5
1137	39	5
314	39	5
1418	39	5
1232	39	5
112	40	5
529	40	5
1203	40	5
470	40	5
786	40	5
132	40	4
991	40	5
428	40	5
399	41	5
1127	41	5
35	41	4
346	41	5
311	41	5
1300	41	5
122	41	4
201	41	5
1123	41	3
810	41	5
948	41	5
891	41	5
847	41	5
229	41	2
160	41	3
1141	41	4
419	41	5
175	41	3
1194	41	3
1412	42	5
1267	42	5
496	42	5
836	42	4
635	42	5
1252	42	5
1236	43	4
1346	43	5
809	43	4
730	43	5
13	43	5
640	43	5
451	43	5
409	43	3
33	43	5
946	43	5
564	43	5
1130	43	5
40	43	5
136	44	4
1048	44	4
35	44	4
704	44	5
156	44	4
461	44	5
538	44	5
311	44	5
19	44	5
400	44	5
180	44	5
906	44	4
710	44	5
189	44	5
994	44	5
1277	44	5
119	44	5
315	44	5
1113	44	5
516	44	5
95	44	4
377	44	5
607	44	4
686	44	5
909	44	2
901	44	3
1135	44	4
1245	44	5
1223	44	3
1124	44	5
1233	44	4
160	44	4
1125	44	5
9	44	5
652	44	5
968	44	5
181	44	5
17	44	5
1043	44	5
1226	44	5
1258	44	3
876	44	5
797	44	5
771	44	5
191	44	4
384	44	5
520	44	5
590	44	5
171	44	5
762	44	5
190	44	5
85	44	4
548	44	3
742	44	5
185	44	5
1401	44	5
294	44	4
1183	44	4
856	45	5
921	45	5
595	45	3
1076	45	5
533	46	5
1355	46	4
1041	46	4
1242	46	4
784	46	5
1344	46	5
703	46	4
1066	46	4
113	46	5
1126	46	4
84	46	2
801	46	5
10	46	1
891	46	4
630	46	5
803	46	5
1341	46	2
1131	46	5
547	46	5
18	46	4
778	46	4
832	46	5
431	46	3
1264	46	3
1233	46	4
699	46	4
308	46	4
208	46	4
1015	46	5
667	46	5
494	46	4
696	46	5
1182	46	4
328	46	5
689	46	4
896	46	5
721	46	5
1255	47	5
209	47	5
566	47	5
1340	47	5
351	47	5
768	47	2
598	47	5
342	47	5
1033	47	5
1268	47	4
558	47	4
1295	47	5
641	47	5
882	48	5
553	48	5
181	48	5
468	48	4
100	48	5
374	48	4
1207	48	5
20	49	5
218	49	4
382	49	5
1416	49	5
1158	50	5
60	50	5
658	50	5
492	50	5
236	50	5
1022	50	5
80	50	5
990	50	5
966	50	5
999	50	5
1423	50	5
652	50	4
572	50	5
157	50	5
1300	51	5
20	51	5
553	51	2
718	51	4
382	51	5
863	51	5
1023	51	4
479	52	5
1249	52	1
1219	52	5
1065	52	5
544	52	5
1299	52	5
856	53	5
761	53	5
1142	53	4
1361	53	5
1416	53	5
1343	53	5
280	54	5
222	54	5
1321	54	4
380	54	5
1326	54	5
1267	54	3
600	54	5
951	54	5
608	54	5
1318	55	5
998	55	5
31	55	5
1332	55	4
308	55	5
1119	55	5
860	56	5
1413	56	5
834	56	3
1264	56	5
144	56	4
682	57	5
34	57	5
966	57	3
431	57	5
1140	57	5
1166	57	5
879	57	5
981	58	4
389	58	5
27	58	5
1155	58	5
820	59	5
1284	59	5
697	59	5
775	59	5
1220	59	5
946	59	3
1136	59	5
564	59	5
520	59	4
517	60	5
1034	60	5
833	60	1
233	60	5
797	60	5
532	60	5
1015	60	5
341	61	5
35	61	5
1035	61	5
429	61	4
156	61	5
471	61	5
311	61	5
1162	61	5
448	61	5
122	61	5
254	61	5
193	61	5
1109	61	5
389	61	5
570	61	5
315	61	5
1267	61	2
516	61	5
169	61	5
686	61	5
537	61	5
909	61	5
988	61	4
1220	61	5
235	61	5
476	61	5
818	61	5
293	61	5
1281	61	5
536	61	5
1098	61	5
487	61	5
348	61	5
457	61	5
255	61	5
598	61	5
520	61	4
450	61	5
171	61	5
390	61	5
757	61	5
121	61	5
1073	61	4
365	61	4
280	62	5
399	62	5
662	62	4
932	62	5
998	62	5
241	62	5
1267	62	4
11	62	5
547	62	4
149	62	3
44	62	5
256	62	5
1058	62	5
1078	62	5
232	62	5
223	62	4
643	62	5
1012	62	4
1171	62	5
367	62	5
548	62	4
83	62	5
349	63	5
150	63	5
998	63	5
943	63	5
771	63	4
29	64	5
764	64	5
904	64	5
1045	64	4
256	64	5
669	64	3
171	64	5
367	64	5
1083	64	5
399	65	4
380	65	5
1293	65	5
801	65	5
57	65	5
1178	65	5
149	65	4
560	65	3
1216	65	4
1209	65	3
397	66	5
922	66	4
152	66	5
78	66	3
486	66	3
1267	66	5
1298	66	5
187	66	5
1047	66	5
1327	66	5
1208	66	5
158	66	1
1188	66	3
1378	66	4
895	66	5
722	66	4
1122	66	5
85	66	5
1035	67	5
408	67	5
480	67	4
124	67	5
1368	67	5
403	67	5
606	67	2
787	67	5
642	67	5
452	67	5
185	67	5
738	68	3
1221	68	5
78	68	3
1090	68	5
235	68	4
409	68	5
1156	68	5
452	68	5
260	68	5
191	68	3
1293	69	4
515	69	4
791	69	3
532	69	4
1295	69	3
489	70	4
804	70	5
262	70	5
1162	70	5
106	70	5
1365	70	5
424	70	5
114	70	5
1145	70	5
885	70	5
641	70	4
177	71	3
447	71	4
253	71	5
1413	71	3
764	71	5
318	71	5
1137	71	4
944	71	3
470	71	5
1228	71	2
1063	71	3
941	71	4
1030	71	5
1032	71	5
52	71	5
1107	71	4
1327	71	5
1404	71	4
223	71	3
929	71	4
1079	71	4
489	72	5
1041	72	4
240	72	5
752	72	5
613	72	5
400	72	4
774	72	5
1413	72	5
23	72	5
335	72	4
728	72	5
169	72	4
12	72	5
692	72	5
307	72	5
327	72	5
228	72	5
1144	72	1
1273	72	5
401	72	3
590	72	5
484	72	3
762	72	5
442	72	5
1008	73	5
1251	73	5
309	73	3
869	73	5
811	73	4
903	73	5
131	73	5
1218	73	5
258	73	4
306	74	5
587	74	5
517	74	5
49	74	5
749	74	5
793	74	4
107	74	5
315	74	5
516	74	5
557	74	5
1228	74	4
1105	74	5
1249	74	5
988	74	5
1174	74	5
172	74	5
725	74	3
680	74	5
1155	74	4
115	74	5
829	74	5
576	74	4
1199	74	5
949	74	5
61	74	3
1108	74	5
217	74	3
667	74	4
1201	74	5
438	74	5
520	74	5
231	74	4
121	74	5
1322	74	5
1206	75	2
867	75	5
1349	75	5
520	75	5
59	75	4
15	76	5
65	76	5
1185	76	5
846	76	5
1075	76	5
1222	76	5
559	76	5
582	77	5
784	77	4
763	77	5
149	77	5
52	77	4
67	77	5
599	77	5
782	77	5
755	77	5
639	78	5
759	78	5
1132	78	3
274	78	4
131	78	5
564	78	5
1130	78	5
200	79	3
65	79	5
118	79	1
516	79	5
476	79	4
1086	79	5
491	80	5
1220	80	5
965	80	5
75	80	5
1063	81	5
70	81	5
1149	81	5
71	81	5
218	82	4
682	82	5
1387	82	5
1338	82	5
738	83	5
1318	83	5
810	83	5
57	83	1
610	83	5
399	84	5
136	84	4
1127	84	4
311	84	4
16	84	5
226	84	5
514	84	4
106	84	2
183	84	3
1423	84	5
170	84	5
1217	84	5
1302	84	5
823	85	5
284	85	4
807	85	5
792	85	5
837	85	5
147	85	5
1372	86	4
1027	86	4
370	86	5
740	86	5
669	86	4
264	87	5
107	87	5
1027	87	4
1343	87	5
1165	88	5
888	88	5
517	88	5
65	88	5
31	88	5
1220	88	5
235	88	5
786	88	5
500	88	5
1393	88	4
300	89	5
1351	89	5
531	89	4
46	90	5
989	90	5
947	90	4
63	90	5
21	90	5
778	90	4
149	90	4
170	90	5
694	90	4
929	90	4
1088	91	5
112	91	3
587	91	2
300	91	1
1197	91	5
259	91	1
1124	91	5
1196	91	4
157	91	5
1353	91	5
670	92	5
804	92	5
781	92	5
56	92	5
826	92	5
146	92	5
810	92	5
410	92	5
10	92	5
139	92	5
229	92	5
1280	92	5
1197	92	5
1047	92	5
1196	92	4
490	92	5
89	92	5
657	92	5
1289	92	5
545	93	5
711	93	5
63	93	5
1281	93	5
286	94	5
639	94	5
535	94	5
1172	94	4
931	94	5
1348	94	5
1050	94	4
1059	94	4
527	94	4
156	94	4
471	94	5
1037	94	4
15	94	4
1169	94	5
240	94	4
502	94	4
422	94	5
448	94	5
1025	94	5
795	94	5
1413	94	3
480	94	5
39	94	5
1364	94	4
756	94	5
779	94	5
880	94	5
898	94	5
65	94	5
427	94	5
257	94	5
1424	94	4
1146	94	5
13	94	5
862	94	5
743	94	5
566	94	5
1109	94	5
732	94	5
1282	94	5
1227	94	5
1137	94	5
891	94	5
690	94	5
62	94	5
585	94	5
305	94	5
245	94	5
1298	94	4
897	94	5
913	94	5
153	94	4
666	94	4
551	94	5
102	94	5
1103	94	5
246	94	5
440	94	5
952	94	5
718	94	5
1219	94	5
725	94	4
38	94	4
714	94	5
52	94	4
496	94	5
773	94	5
44	94	3
464	94	5
66	94	5
1099	94	5
565	94	4
330	94	5
1014	94	5
158	94	5
173	94	3
694	94	4
41	94	5
1258	94	5
1407	94	5
731	94	5
700	94	5
1275	94	5
100	94	4
1144	94	4
1338	94	5
137	94	2
843	94	4
499	94	5
1213	94	5
266	94	5
643	94	5
216	94	5
401	94	5
601	94	5
1283	94	4
1297	94	5
110	94	5
938	94	5
1171	94	5
467	94	3
1116	94	3
1086	94	5
1279	94	4
303	94	5
1265	94	5
489	95	5
1168	95	5
262	95	5
795	95	4
779	95	4
369	95	5
716	95	5
647	95	5
1294	95	5
38	95	4
1152	95	5
559	95	5
1301	95	5
419	95	5
660	95	5
1083	95	5
825	95	5
539	96	4
65	96	5
585	96	5
1228	96	5
531	96	5
100	96	3
8	96	4
610	96	4
812	97	4
1308	97	4
551	97	5
187	97	5
290	97	3
184	97	5
1393	97	3
231	97	4
185	97	5
812	98	4
517	98	5
774	98	4
624	98	3
520	98	4
698	99	5
419	99	4
1268	99	5
898	100	5
1272	100	5
486	100	3
1070	100	5
1049	100	4
27	100	5
293	100	5
794	101	5
386	101	4
1225	101	5
946	101	5
406	101	5
1252	101	5
367	101	5
1169	102	5
1237	102	5
284	103	2
465	103	5
1026	103	5
734	103	5
241	103	5
1090	103	5
55	103	5
229	103	5
707	103	4
988	103	5
791	103	5
72	103	5
370	103	5
165	103	5
496	103	4
614	103	5
1039	103	5
1081	103	5
723	103	5
467	103	5
322	103	5
1279	103	3
769	104	5
1323	104	4
1077	104	3
540	104	5
1117	104	5
854	104	5
243	104	5
302	104	3
871	104	5
1039	104	5
467	104	4
790	104	1
1066	105	5
707	105	4
158	105	3
1387	105	5
383	105	4
1183	105	3
663	106	5
1041	106	5
269	106	5
777	106	5
783	106	5
838	106	5
638	106	5
1354	106	2
1387	106	4
655	106	5
946	106	3
1169	107	5
1388	107	4
257	107	5
1117	107	5
783	107	5
274	107	5
243	107	5
786	107	3
624	107	5
723	107	5
1392	108	4
998	108	5
287	108	5
229	108	5
351	108	4
1262	108	5
1166	108	5
1237	108	5
820	109	5
514	109	5
426	109	5
1272	109	5
4	109	5
1003	109	4
624	109	5
655	109	5
540	110	5
534	110	5
188	110	5
1021	110	5
42	111	4
662	111	4
509	111	5
1251	112	5
197	112	5
963	112	5
131	112	3
1054	112	5
145	113	5
159	113	3
629	113	4
951	113	5
1210	114	3
1428	114	3
1194	114	5
1205	114	4
473	115	2
22	115	5
65	115	5
145	115	5
838	115	5
908	115	4
67	115	5
1058	115	3
441	115	5
623	115	5
758	115	3
1393	115	4
1273	115	4
1214	115	4
85	115	4
742	115	5
1205	115	5
889	115	5
157	115	4
1255	116	5
1206	116	4
177	116	5
1394	116	5
527	116	5
522	116	5
289	116	2
252	116	5
240	116	4
752	116	5
465	116	5
523	116	4
967	116	4
1323	116	5
47	116	5
227	116	4
65	116	5
528	116	4
4	116	5
743	116	5
340	116	5
198	116	3
1109	116	5
1142	116	5
777	116	5
373	116	4
557	116	5
822	116	5
63	116	3
808	116	4
686	116	4
153	116	4
666	116	3
504	116	5
1197	116	5
459	116	4
1099	116	5
256	116	1
307	116	5
1199	116	5
536	116	5
205	116	5
615	116	5
819	116	5
114	116	5
61	116	4
984	116	5
1286	116	5
174	116	4
99	116	5
1283	116	3
641	116	5
814	116	4
613	117	5
779	117	4
355	117	5
65	117	5
1257	117	5
1349	117	5
617	117	3
1152	117	5
312	117	5
618	117	5
968	117	5
1273	117	4
225	118	4
1118	118	5
1070	118	5
595	118	3
367	118	5
815	119	5
164	119	5
225	119	4
826	119	5
110	119	5
429	120	5
385	120	5
156	120	5
626	120	5
1025	120	5
1254	120	5
898	120	5
318	120	5
50	120	4
1109	120	5
674	120	5
1248	120	5
139	120	5
64	120	5
246	120	5
1190	120	5
903	120	4
1329	120	5
600	120	5
645	120	5
652	120	4
1014	120	5
624	120	5
577	120	5
188	120	5
1010	120	5
797	120	5
1237	120	5
216	120	5
601	120	5
644	120	5
1289	120	3
1401	120	5
1392	121	5
219	121	1
346	121	5
898	121	5
168	121	5
1075	121	5
223	121	4
872	121	5
988	122	4
1423	122	5
128	122	5
255	122	5
564	122	3
706	123	1
986	123	5
1264	123	5
121	123	5
461	124	5
226	124	5
359	124	5
898	124	5
1184	124	3
1041	125	5
1310	125	5
240	125	5
226	125	5
163	125	5
184	125	4
893	126	4
399	126	5
60	126	4
1394	126	5
380	126	5
573	126	5
95	127	5
163	127	5
1234	127	5
233	127	5
170	127	5
599	127	4
1157	127	5
520	127	4
625	128	5
623	128	5
1353	128	4
1251	129	5
63	129	4
351	129	5
778	129	5
124	129	4
661	129	4
1173	130	5
399	130	5
43	130	5
35	130	4
533	130	5
1176	130	5
222	130	5
1019	130	4
898	130	5
1424	130	5
734	130	5
594	130	5
827	130	4
378	130	5
986	130	5
356	130	4
1103	130	4
370	130	5
496	130	5
279	130	5
398	130	5
1292	130	4
1208	130	5
323	130	5
74	130	4
348	130	4
787	130	3
1110	130	4
611	130	5
1279	130	5
336	130	5
828	130	3
810	131	5
292	131	5
1332	131	5
652	131	4
629	131	2
35	132	5
909	132	3
1102	132	5
1314	132	5
247	132	4
835	133	5
931	133	5
541	133	5
779	133	3
975	133	5
347	133	5
572	133	5
641	133	4
18	134	1
343	134	5
1013	134	3
1338	134	5
1115	134	4
1080	134	3
1255	135	4
755	135	5
596	135	2
1205	135	1
507	136	5
703	136	5
575	136	5
304	136	5
1115	136	5
268	136	5
779	137	4
884	137	4
1325	137	5
1056	137	5
59	137	3
1104	138	4
681	138	4
1218	138	5
1061	138	5
479	139	4
832	139	5
683	139	5
1175	139	5
883	140	5
1321	140	5
352	140	5
891	140	5
1046	140	5
371	140	5
1251	141	5
1330	141	1
296	141	5
519	141	5
399	142	5
417	142	5
558	142	4
157	142	5
1172	143	5
827	143	4
599	143	5
940	143	5
282	143	5
342	143	5
1266	143	5
272	144	5
164	144	5
811	144	5
681	144	5
279	144	4
519	144	5
1218	144	5
514	145	4
24	145	5
852	145	5
183	145	5
817	145	4
731	145	5
1217	145	3
1194	145	5
520	145	4
962	145	4
1343	145	5
1418	145	5
851	145	5
365	145	3
1192	146	5
1285	146	5
911	146	4
852	146	5
309	146	4
1306	146	4
921	146	5
87	146	5
155	147	5
22	147	5
1218	147	5
342	147	4
735	147	5
286	148	5
1254	148	5
218	148	5
584	148	5
1248	148	2
911	148	5
1423	148	5
650	148	5
73	148	3
661	148	5
310	148	5
1252	148	5
83	148	5
711	149	5
586	149	5
599	149	3
348	149	4
157	149	4
1251	150	5
272	150	4
752	150	4
1104	150	3
977	150	4
519	150	5
1054	150	5
522	151	5
605	151	4
1104	151	5
1250	151	4
309	151	4
830	151	5
520	151	5
859	151	5
587	152	5
408	152	5
752	152	3
983	152	4
979	152	5
921	152	5
672	152	4
700	152	3
325	152	5
1116	152	4
668	153	5
250	153	5
1333	153	4
837	153	4
1273	153	5
1111	153	5
637	153	5
633	154	5
399	154	5
541	154	5
1071	154	5
659	154	5
774	154	5
809	154	3
1400	154	4
1113	154	5
246	154	5
1060	154	5
81	154	5
984	154	5
938	154	5
1011	154	5
1053	154	5
562	155	5
461	155	4
1034	155	5
625	155	5
878	155	4
410	155	5
986	155	5
1074	155	5
505	155	5
997	155	5
604	155	5
1397	155	5
866	155	3
316	155	5
1115	155	4
475	155	5
839	155	5
306	156	1
341	156	5
43	156	5
931	156	4
1035	156	5
1318	156	5
1251	156	5
311	156	5
530	156	4
1363	156	5
226	156	5
932	156	4
166	156	5
1025	156	5
196	156	5
1308	156	4
1323	156	2
380	156	5
1364	156	5
981	156	5
898	156	3
1426	156	5
225	156	5
65	156	3
193	156	5
278	156	5
710	156	4
1003	156	5
594	156	5
724	156	5
50	156	5
1293	156	5
846	156	4
389	156	5
1189	156	5
986	156	5
287	156	5
516	156	5
852	156	5
904	156	5
980	156	5
686	156	4
897	156	5
729	156	4
1105	156	5
631	156	5
138	156	5
1220	156	5
1082	156	4
351	156	4
381	156	4
386	156	5
1230	156	4
302	156	5
680	156	3
954	156	3
714	156	4
580	156	5
358	156	3
1210	156	5
132	156	4
1121	156	5
170	156	4
279	156	5
1125	156	5
614	156	5
1292	156	5
1014	156	4
173	156	4
128	156	4
1039	156	5
1043	156	5
202	156	4
800	156	5
71	156	5
700	156	5
874	156	4
1100	156	5
1144	156	5
1273	156	5
99	156	5
266	156	5
438	156	5
384	156	5
601	156	5
32	156	5
951	156	5
1263	156	5
268	156	5
231	156	5
1401	156	5
157	156	5
777	157	4
1298	157	4
270	157	5
803	157	5
312	157	5
124	157	5
279	157	4
678	157	5
700	157	5
793	158	5
1337	158	5
1160	158	4
1215	158	5
1089	158	5
1427	159	5
1042	159	5
1038	159	5
948	159	5
425	159	5
813	159	4
1341	159	5
343	159	5
1224	159	5
896	159	5
388	160	5
405	160	4
170	160	5
915	160	4
1163	161	5
1199	161	5
669	161	4
277	161	3
380	162	5
292	162	5
243	162	5
532	162	5
653	163	5
835	163	1
253	163	3
240	163	4
779	163	5
785	163	5
389	163	3
305	163	5
656	163	5
954	163	5
496	163	5
739	163	5
1023	163	3
1421	163	4
543	163	1
1289	163	4
43	164	5
1308	164	5
1040	164	5
1388	164	4
1178	164	5
1064	164	5
895	164	5
522	165	5
1143	165	5
376	165	4
1201	165	5
331	165	5
1086	165	5
814	165	4
626	166	4
745	166	3
1019	166	5
781	166	5
19	166	5
200	166	5
218	166	5
571	166	5
180	166	5
793	166	5
846	166	4
754	166	5
1022	166	5
707	166	3
607	166	5
685	166	5
1281	166	5
992	166	5
261	166	5
456	166	5
1094	166	5
1089	166	5
457	166	5
596	166	5
179	166	5
1283	166	5
683	166	5
472	166	5
1255	167	4
37	167	5
429	167	5
156	167	3
269	167	4
262	167	5
465	167	5
1019	167	4
1375	167	4
400	167	3
480	167	5
1221	167	3
204	167	5
65	167	5
335	167	3
491	167	5
146	167	5
732	167	3
674	167	5
139	167	5
666	167	3
970	167	5
187	167	5
770	167	4
1107	167	5
617	167	5
44	167	5
1397	167	5
66	167	5
1099	167	5
917	167	5
1196	167	5
307	167	5
565	167	5
1098	167	5
205	167	5
1156	167	5
487	167	5
531	167	5
930	167	2
188	167	5
255	167	5
772	167	5
843	167	4
927	167	5
1319	167	4
643	167	5
1283	167	5
1011	167	5
1183	167	5
83	167	5
1206	168	5
587	168	5
1348	168	5
156	168	5
284	168	5
583	168	5
311	168	5
932	168	4
1025	168	5
466	168	4
180	168	5
724	168	5
119	168	5
234	168	5
287	168	5
1184	168	5
1235	168	1
990	168	4
1298	168	4
581	168	1
1341	168	4
317	168	4
1009	168	4
246	168	5
1312	168	5
853	168	5
124	168	5
1125	168	5
1200	168	5
599	168	5
409	168	5
327	168	5
695	168	5
930	168	5
700	168	5
475	168	5
277	168	5
1297	168	1
436	168	1
231	168	4
485	168	5
94	168	5
1207	168	5
1042	169	5
841	169	5
1036	169	5
1250	169	5
1264	169	5
737	169	5
1255	170	5
142	170	5
225	170	5
152	170	5
1267	170	4
221	170	5
370	170	5
9	170	5
261	170	2
1319	170	5
1353	170	5
1255	171	5
835	171	4
16	171	5
1314	171	5
895	171	5
262	172	5
448	172	5
801	172	5
172	172	4
1199	172	5
905	172	4
157	172	5
1318	173	4
240	173	5
919	173	5
954	173	5
17	173	4
223	173	4
722	173	5
385	174	5
197	174	5
523	174	4
1186	174	5
795	174	5
164	174	5
947	174	5
88	174	5
1235	174	5
537	174	5
919	174	5
1223	174	5
440	174	5
770	174	5
586	174	5
618	174	5
788	174	5
232	174	5
669	174	4
511	174	5
104	174	5
1283	174	5
1263	174	5
938	174	4
85	174	5
1266	174	4
736	175	5
1181	175	3
1224	175	5
294	175	5
1192	176	5
417	176	1
709	176	5
861	176	5
554	176	5
366	176	4
394	176	5
58	176	5
599	176	5
482	176	2
546	176	1
399	177	4
35	177	3
491	177	5
5	177	3
969	177	3
393	177	5
1418	177	1
1232	177	5
1367	178	5
1255	178	5
985	178	5
478	178	5
1395	178	5
1335	178	5
226	178	5
134	178	5
125	178	5
845	178	5
90	178	5
777	178	5
1178	178	4
869	178	5
0	178	4
630	178	5
1114	178	5
926	178	5
890	178	5
246	178	5
496	178	4
987	178	4
1024	178	5
694	178	3
782	178	4
755	178	5
564	178	4
59	178	3
407	178	5
1367	179	5
939	179	5
1042	179	4
166	179	5
761	179	5
134	179	3
225	179	5
246	179	4
599	179	5
327	179	5
1204	179	4
747	179	2
753	179	4
689	179	5
721	179	5
473	180	5
272	180	4
131	180	5
519	180	5
1054	180	5
1158	181	4
239	181	5
35	181	4
517	181	5
539	181	4
923	181	5
651	181	3
986	181	5
1249	181	5
963	181	5
1416	181	5
848	181	5
771	181	4
1302	181	4
684	182	1
1362	182	5
491	182	5
947	182	3
1305	182	5
928	182	5
720	182	4
372	183	5
1186	183	5
1221	183	5
69	183	5
225	183	4
1077	183	5
989	183	4
1146	183	5
135	183	4
574	183	5
446	183	5
1208	183	5
992	183	4
337	183	5
93	183	4
612	183	5
1207	183	3
336	183	5
1410	184	5
538	184	5
1363	184	5
613	184	3
19	184	5
774	184	5
998	184	1
625	184	5
779	184	5
318	184	5
906	184	4
994	184	3
980	184	5
102	184	5
1223	184	5
1060	184	5
170	184	5
330	184	5
1024	184	4
228	184	5
1119	184	5
71	184	5
237	184	3
1012	184	5
938	184	4
367	184	5
484	184	5
506	184	5
923	185	5
287	185	5
614	185	5
123	185	2
1359	185	5
1112	186	5
287	186	3
464	186	3
1273	186	5
493	186	5
199	187	5
1337	187	5
139	187	5
295	187	5
424	187	5
251	188	5
621	188	5
240	188	5
225	188	4
977	188	5
95	188	5
1152	188	5
1373	188	4
615	188	5
255	188	5
481	188	5
1168	189	5
1118	189	5
1420	189	5
291	189	5
1414	189	5
1028	190	1
238	190	5
64	190	5
1045	190	3
53	190	5
240	191	5
196	191	3
554	191	5
827	191	4
867	191	5
1020	191	4
1249	191	5
242	191	5
371	191	4
851	191	5
333	192	4
802	192	5
550	192	5
402	192	5
861	192	5
539	192	5
923	192	5
844	192	5
827	192	4
884	192	5
867	192	5
1020	192	4
145	192	5
287	192	5
1249	192	5
242	192	5
1045	192	5
999	192	5
609	192	5
464	192	5
182	192	5
874	192	5
951	192	5
757	192	5
742	192	5
851	192	5
94	192	5
1050	193	5
389	193	5
184	193	5
121	193	5
563	194	5
916	194	5
1298	194	4
700	194	5
481	194	4
1086	194	4
329	194	5
893	195	4
150	195	4
1052	195	5
583	195	5
1403	195	1
1364	195	5
1137	195	4
692	195	3
549	195	4
708	195	5
476	195	5
1128	195	5
580	195	5
645	195	5
298	195	5
1363	196	4
199	196	5
675	196	5
1354	196	5
46	197	5
225	197	5
1298	197	4
1152	197	5
293	197	5
1138	197	5
313	197	5
41	197	5
1043	197	5
406	197	4
874	197	3
520	197	2
231	197	4
900	198	5
46	198	5
286	198	5
54	198	5
29	198	2
831	198	5
1372	198	5
701	198	5
527	198	5
522	198	4
375	198	5
471	198	5
706	198	3
252	198	4
1169	198	5
197	198	5
1019	198	5
858	198	5
1186	198	5
795	198	5
225	198	5
65	198	5
1424	198	5
916	198	5
785	198	5
810	198	4
1267	198	4
516	198	5
847	198	5
911	198	5
707	198	5
904	198	5
1228	198	4
444	198	5
913	198	5
1049	198	5
1193	198	5
138	198	5
1135	198	5
246	198	5
1082	198	4
101	198	5
259	198	5
1032	198	5
1219	198	5
1354	198	5
370	198	5
345	198	4
1163	198	4
1107	198	5
1264	198	5
44	198	5
488	198	4
1099	198	5
1031	198	5
915	198	3
1120	198	5
614	198	4
1303	198	1
807	198	5
650	198	5
1094	198	5
1384	198	5
137	198	5
73	198	5
93	198	5
179	198	5
643	198	5
1064	198	5
610	198	2
1263	198	5
938	198	4
1295	198	3
1241	198	5
1279	198	5
83	198	5
828	198	5
1265	198	5
1035	199	5
284	199	4
932	199	4
122	199	5
225	199	5
983	199	4
11	199	5
108	199	5
787	199	5
1096	199	5
1273	199	5
750	200	5
362	200	5
308	200	4
330	200	4
870	200	2
815	201	4
1095	201	4
745	201	2
171	201	5
1279	201	5
1118	202	5
1253	202	5
1076	202	4
1011	202	5
1130	202	4
633	203	5
1142	203	4
1092	203	5
287	203	5
102	203	5
640	203	5
128	203	4
231	203	5
1381	203	5
177	204	5
284	204	2
1264	204	5
905	204	5
17	204	5
484	204	5
380	205	2
193	205	3
906	205	5
904	205	1
170	205	5
1169	206	5
204	206	5
1040	206	5
250	206	5
34	206	4
370	206	5
943	206	5
1406	206	4
120	206	5
1095	207	4
129	207	4
461	207	5
288	207	5
550	207	5
858	207	5
1221	207	5
287	207	5
713	207	4
295	207	5
609	207	5
800	207	4
1217	207	4
314	207	5
527	208	2
1071	208	4
408	208	5
804	208	5
1186	208	5
47	208	4
1400	208	3
20	208	5
36	208	3
1293	208	5
145	208	5
833	208	5
373	208	2
1352	208	5
305	208	5
685	208	4
976	208	4
791	208	3
1197	208	4
1060	208	5
302	208	1
345	208	4
592	208	4
580	208	5
671	208	3
1196	208	5
1149	208	5
1281	208	4
173	208	5
285	208	2
1416	208	5
930	208	3
876	208	5
1380	208	5
104	208	5
89	208	5
472	208	3
231	208	5
322	208	4
1363	209	5
779	209	4
1004	209	5
1046	209	5
969	209	5
390	209	5
280	210	4
369	210	5
1282	210	5
711	210	5
169	210	5
212	210	5
233	210	5
592	210	5
1094	210	5
247	210	5
393	210	5
122	211	5
56	211	1
1132	211	5
423	211	5
766	211	4
387	211	5
440	211	4
698	211	5
131	211	5
53	211	5
484	211	1
796	211	4
404	211	4
251	212	4
432	212	4
373	212	4
423	212	1
638	212	3
477	212	2
463	212	4
640	212	4
767	212	4
817	212	4
824	212	2
879	212	4
1083	212	1
1367	213	5
1251	213	5
1198	213	4
709	213	5
575	213	4
90	213	5
1371	213	5
88	213	5
133	213	5
926	213	5
186	213	4
246	213	5
778	213	5
1253	213	2
1330	213	5
337	213	5
874	213	5
304	213	5
1270	213	5
1319	213	5
112	214	5
380	214	5
805	214	5
1230	214	5
1302	214	5
1165	215	5
1143	215	5
380	215	5
225	215	5
65	215	5
805	215	5
315	215	5
708	215	1
27	215	5
1234	215	5
1350	215	4
908	215	4
677	215	5
1195	215	5
115	215	5
1423	215	5
1125	215	4
871	215	4
449	215	5
1010	215	5
758	215	5
806	215	5
32	215	1
1205	215	5
112	216	5
380	216	5
805	216	2
1000	216	5
31	216	5
1230	216	4
1240	216	5
768	216	5
589	216	5
1363	217	5
380	217	1
1351	217	5
1210	217	5
965	217	5
1428	217	1
742	217	5
65	218	5
805	218	5
677	218	5
1195	218	5
806	218	5
1205	218	5
1372	219	4
429	219	5
1272	219	5
1009	219	5
181	219	5
1409	220	2
444	220	3
758	220	5
1283	220	5
1165	221	5
154	221	1
1363	221	5
278	221	5
677	221	5
115	221	5
1029	221	4
806	221	5
779	222	2
1293	222	5
556	222	5
62	222	5
1210	222	5
459	222	5
965	222	5
48	222	5
1428	222	3
32	222	1
543	222	5
742	222	5
620	223	5
591	223	5
64	223	5
1078	223	5
1273	223	5
1214	223	3
633	224	5
25	224	5
1395	224	5
1041	224	5
417	224	5
76	224	3
195	224	4
113	224	5
320	224	4
1045	224	4
18	224	4
149	224	5
215	224	5
208	224	2
497	224	5
1182	224	5
689	224	5
1061	224	4
995	225	4
349	225	4
1035	225	5
1426	225	5
278	225	5
810	225	3
504	225	5
382	225	4
370	225	5
170	225	5
555	225	5
946	225	4
984	225	3
260	225	4
271	225	5
306	226	5
46	226	4
1062	226	5
1355	226	5
1143	226	5
579	226	5
65	226	5
1	226	5
810	226	5
594	226	5
1277	226	5
551	226	5
1349	226	5
803	226	5
1245	226	4
680	226	1
617	226	5
1125	226	5
1029	226	5
1281	226	5
1387	226	5
1046	226	5
1407	226	5
1007	226	5
71	226	5
797	226	5
1214	226	5
806	226	4
216	226	5
1194	226	5
2	226	5
644	226	5
472	226	5
1086	226	5
757	226	5
329	226	5
407	226	4
349	227	5
1287	227	5
977	227	5
394	227	5
423	227	5
515	227	4
614	227	5
327	227	5
740	227	5
930	227	5
33	227	5
1275	227	5
1100	227	5
481	227	5
696	227	5
771	227	5
1380	227	3
814	227	5
329	227	5
1321	228	5
728	228	3
1137	228	5
999	228	5
1029	228	5
655	228	3
413	228	5
921	229	5
1294	229	5
652	229	4
534	229	5
1226	229	3
950	229	5
892	230	4
222	230	5
597	230	4
1157	230	4
228	230	5
644	230	5
1289	230	5
1367	231	5
712	231	5
599	231	5
24	232	5
760	232	5
844	232	5
317	232	5
1029	232	5
1078	232	3
872	232	5
962	232	3
1095	233	3
815	233	5
1409	233	5
856	233	5
429	233	4
489	233	5
659	233	5
240	233	4
448	233	5
1025	233	5
1400	233	4
779	233	5
355	233	5
254	233	4
1307	233	4
862	233	5
145	233	5
964	233	5
392	233	4
243	233	5
863	233	5
1329	233	5
45	233	5
293	233	5
66	233	4
788	233	5
819	233	3
930	233	5
1119	233	5
772	233	4
316	233	4
1286	233	5
1252	233	5
938	233	4
561	233	3
89	233	5
1417	233	5
857	233	5
1165	234	5
1323	234	5
214	234	3
102	234	5
821	234	5
725	234	4
1199	234	5
807	234	5
1094	234	5
77	234	4
521	234	4
1289	234	4
218	235	4
315	235	4
117	235	3
313	235	5
1116	235	5
932	236	5
64	236	5
455	236	5
406	236	5
489	237	4
631	237	5
694	237	5
1096	237	4
548	237	4
1035	238	5
400	238	5
315	238	5
1262	238	5
77	238	4
520	238	5
407	238	5
812	239	4
662	239	5
435	239	5
65	239	5
278	239	5
301	239	5
725	239	5
132	239	5
520	239	5
450	239	5
341	240	5
1162	240	5
810	240	5
763	240	5
1246	240	3
700	240	5
920	240	5
450	240	5
1041	241	5
218	241	4
545	241	5
50	241	4
315	241	5
267	241	5
260	241	4
1115	241	5
121	241	5
147	241	5
1367	242	5
759	242	5
225	242	5
1132	242	3
423	242	5
766	242	5
387	242	5
131	242	5
399	243	3
1313	243	4
1298	243	4
1047	243	4
41	243	5
1209	243	3
1213	243	4
1379	244	5
220	244	5
1051	244	1
403	244	2
207	244	2
331	244	5
399	245	3
1379	245	5
339	245	5
345	245	4
38	245	5
174	245	4
996	245	1
54	246	5
909	246	4
940	246	5
342	246	5
1268	246	2
1285	247	5
750	247	5
834	247	5
567	247	5
443	247	4
1319	247	5
417	248	5
741	248	3
776	248	5
660	248	4
77	248	4
955	248	5
1279	248	5
1427	249	5
168	249	5
1282	249	4
741	249	3
776	249	5
1279	249	5
737	249	5
1402	250	5
1285	250	5
602	250	4
606	250	4
92	250	5
1061	250	3
878	251	4
1101	251	4
218	251	5
1356	251	5
1250	251	5
1018	251	5
603	251	5
1103	251	4
243	251	5
778	251	3
654	251	5
599	251	5
1141	251	5
494	251	5
342	251	5
1167	251	5
371	251	5
520	251	5
1012	251	5
1385	251	5
177	252	2
1410	252	3
1146	252	4
250	252	5
574	252	5
1407	252	5
892	253	5
882	253	5
139	253	5
552	253	4
403	253	5
1396	253	3
1304	253	3
331	253	5
931	254	5
1271	254	5
151	254	5
195	254	5
1344	254	5
571	254	4
458	254	5
1191	254	5
1233	254	5
596	254	5
497	254	3
743	255	5
1003	255	5
1130	255	3
1427	256	5
1072	256	3
226	256	5
1290	256	3
1179	256	3
1422	257	4
218	257	5
278	257	5
810	257	5
508	257	5
770	257	3
555	257	5
291	257	5
286	258	5
1095	258	2
478	258	5
350	258	5
385	258	5
1251	258	5
745	258	5
1037	258	5
1313	258	4
659	258	2
502	258	5
76	258	4
166	258	5
687	258	5
1019	258	5
1375	258	5
881	258	4
1422	258	5
355	258	5
730	258	5
1272	258	5
989	258	3
810	258	5
495	258	5
526	258	5
1151	258	5
119	258	5
423	258	5
648	258	3
1030	258	4
1360	258	5
791	258	3
1197	258	4
1060	258	5
1294	258	3
1001	258	5
1351	258	5
345	258	5
1397	258	5
688	258	5
324	258	4
1200	258	5
1120	258	1
1014	258	5
1320	258	4
1188	258	4
1043	258	5
419	258	5
100	258	5
1319	258	5
467	258	4
231	258	4
442	258	5
1073	258	5
1183	258	5
336	258	5
1363	259	5
78	259	5
947	259	5
1298	259	4
338	259	5
279	259	5
837	259	5
98	259	5
637	259	5
1251	260	5
898	260	5
816	260	5
1115	260	2
1421	260	3
1035	261	5
804	261	5
1026	261	4
1113	261	3
631	261	5
165	261	5
44	261	2
1023	261	1
1373	261	5
848	261	5
839	261	1
322	261	4
727	261	1
937	262	5
1153	262	5
881	263	4
107	263	5
986	263	5
1137	263	4
1324	263	5
966	264	3
590	264	5
385	265	4
1201	265	5
1283	265	5
219	266	3
471	266	5
858	266	5
125	266	2
734	266	5
537	266	5
70	266	5
1094	266	5
623	266	5
500	266	5
532	266	5
511	266	5
1019	267	4
861	267	2
1101	267	3
1057	267	4
126	267	1
1390	267	5
799	268	5
352	268	5
218	268	4
925	268	5
425	268	5
1057	268	5
1147	268	5
431	268	5
1285	269	5
275	269	4
212	269	5
811	269	5
830	269	5
1224	269	5
1158	269	5
142	270	5
248	270	5
454	270	5
1205	270	5
794	271	4
750	271	5
409	271	5
747	271	5
342	271	5
507	272	5
218	272	5
801	272	5
431	272	5
975	273	4
1199	273	5
1201	273	5
284	274	5
649	274	5
518	274	5
952	274	5
496	274	5
1264	274	5
1252	274	5
663	275	5
145	275	5
705	275	5
951	275	5
314	275	5
922	276	4
724	276	5
1058	276	5
817	276	5
191	276	4
1177	277	5
226	277	5
1221	277	5
474	277	2
229	277	5
889	277	5
156	278	5
881	278	5
948	278	5
1117	278	5
891	278	5
138	278	5
274	278	5
170	278	5
1328	278	5
889	278	5
931	279	3
533	279	5
1041	279	5
155	279	5
283	279	5
1198	279	5
1112	279	5
1036	279	5
878	279	4
218	279	5
369	279	3
513	279	4
977	279	5
925	279	4
453	279	5
1109	279	5
1420	279	5
211	279	5
320	279	4
648	279	3
1341	279	5
547	279	5
1219	279	5
91	279	4
386	279	3
832	279	5
567	279	2
116	279	5
496	279	5
424	279	5
559	279	4
215	279	4
534	279	3
443	279	5
494	279	4
696	279	5
1244	279	5
328	279	5
914	279	5
520	279	4
1295	279	5
689	279	5
737	279	5
1061	279	4
896	279	5
721	279	4
407	279	5
514	280	4
480	280	5
579	280	4
474	280	2
693	280	5
139	280	5
1274	280	4
1111	280	4
216	280	5
1080	280	3
820	281	3
1181	281	3
459	281	4
185	281	4
1238	282	5
257	282	5
1189	282	5
1384	282	5
1008	283	5
1367	283	5
1052	283	5
90	283	5
212	283	5
1071	284	5
981	284	4
906	284	4
148	284	5
365	284	3
1358	285	5
3	285	5
815	285	5
1409	285	5
37	285	5
49	285	5
350	285	5
918	285	5
1242	285	4
662	285	5
363	285	4
1313	285	4
706	285	3
252	285	5
226	285	1
550	285	5
218	285	5
65	285	5
916	285	5
850	285	2
566	285	4
647	285	5
495	285	4
732	285	3
1277	285	3
119	285	4
666	285	4
0	285	5
1257	285	5
1106	285	5
1030	285	5
1174	285	5
186	285	5
510	285	5
370	285	5
688	285	5
501	285	4
1125	285	4
1014	285	5
1260	285	5
1058	285	5
792	285	4
457	285	3
876	285	5
797	285	5
1076	285	5
1096	285	5
1380	285	5
401	285	4
1283	285	5
1122	285	5
485	285	5
1401	285	5
1053	285	5
972	285	4
859	285	4
257	286	5
585	286	4
1135	286	5
338	286	4
592	286	5
290	286	5
202	286	5
99	286	5
855	286	5
85	286	5
583	287	5
1362	287	5
852	287	4
163	287	5
191	287	5
1212	287	5
1271	288	5
106	288	5
218	288	5
1114	288	5
1182	288	5
1221	289	5
809	289	5
842	289	4
1419	289	5
362	289	5
357	289	5
1106	289	5
7	289	5
866	289	5
511	289	5
191	289	4
1040	290	5
1420	290	5
607	290	4
1120	290	1
33	290	5
1172	291	4
360	291	4
363	291	5
925	291	4
940	291	5
542	291	5
869	292	5
1330	292	5
519	292	5
1218	292	4
258	292	5
1310	293	1
777	293	5
143	293	5
1075	293	1
1120	293	4
1023	293	3
438	293	2
388	294	3
523	294	4
998	294	4
898	294	4
989	294	1
382	294	4
577	294	4
835	295	5
333	295	5
1169	295	5
781	295	4
898	295	5
4	295	5
628	295	5
351	295	5
496	295	4
233	295	5
205	295	5
395	295	3
217	295	5
120	295	5
499	295	5
1171	295	5
851	295	5
828	295	4
1347	296	1
685	296	5
74	296	5
988	297	5
205	297	5
1039	297	5
635	297	3
1405	297	5
639	298	5
177	298	5
68	298	4
222	298	5
58	298	5
803	298	4
159	298	5
443	298	5
1309	298	5
1086	298	5
1061	298	3
981	299	4
274	299	5
1124	299	5
938	299	4
514	300	4
1288	300	5
1039	300	5
634	300	5
434	300	3
244	300	4
371	300	5
303	300	5
977	301	5
739	301	5
635	301	5
1295	301	4
627	301	5
484	301	5
1028	302	5
461	302	4
1203	302	4
770	302	5
379	302	5
1279	302	5
1269	303	5
25	303	5
664	303	3
68	303	5
432	303	5
1019	303	5
620	303	4
10	303	5
833	303	4
529	303	5
945	303	5
913	303	5
468	303	4
629	303	4
41	303	5
1275	303	5
325	303	5
646	303	5
1145	303	3
1331	303	4
1319	303	5
509	303	5
1279	303	5
219	304	5
360	304	4
1	304	5
1307	304	5
241	304	4
1419	304	4
21	304	5
666	304	5
1049	304	5
1091	304	5
138	304	5
1312	304	5
1139	304	2
1023	304	3
1098	304	5
635	304	4
111	304	5
1414	304	5
1015	304	5
395	304	4
1214	304	4
643	304	5
914	304	5
722	304	2
734	305	5
469	305	5
267	305	4
993	305	5
936	306	5
878	306	4
597	306	3
1408	306	5
1023	306	4
1208	306	5
114	306	3
665	306	5
938	306	5
1308	307	5
563	307	5
366	307	4
1235	307	4
72	307	5
1214	307	5
601	307	5
781	308	3
1123	308	3
1250	308	4
1383	308	3
390	308	5
1019	309	4
355	309	5
1077	309	5
178	309	5
460	309	5
1188	309	5
1252	309	5
1206	310	4
37	310	5
340	310	4
1151	310	4
351	310	5
671	310	5
1125	310	5
1157	310	3
874	310	4
721	310	5
1300	311	5
361	311	5
498	311	5
1384	311	5
589	311	4
310	311	5
632	311	4
858	312	5
163	312	5
1140	312	5
71	312	5
727	312	5
535	313	3
222	313	5
822	313	3
387	313	5
1047	313	3
1059	314	5
253	314	5
730	314	5
405	314	4
944	314	1
1280	314	5
170	314	4
1209	314	5
514	315	4
270	315	3
170	315	4
334	315	5
1274	315	5
1416	315	5
1328	315	3
413	315	4
991	315	5
873	315	3
693	316	5
510	316	4
1274	316	5
1090	317	5
66	317	5
1133	317	5
973	317	1
1377	317	5
1255	318	5
582	318	4
344	318	5
275	318	5
741	318	4
215	318	5
720	318	4
1213	318	4
1269	319	4
1095	319	4
129	319	2
145	319	5
1248	319	5
510	319	4
334	319	5
1274	319	5
1396	319	5
1194	319	5
185	319	4
873	319	5
28	319	3
3	320	5
947	320	3
941	320	3
440	320	5
773	320	5
447	321	5
1318	321	5
613	321	5
415	321	5
410	321	5
732	321	5
504	321	5
648	321	5
698	321	5
665	321	1
938	321	5
331	321	5
939	322	5
619	322	5
363	322	5
703	322	5
1087	322	5
1150	322	5
682	322	1
599	322	5
337	322	4
1379	323	4
779	323	4
292	323	4
70	323	5
623	323	5
634	323	5
335	324	4
862	324	4
440	324	5
577	324	4
665	324	5
1019	325	5
161	325	5
1157	325	1
1042	326	5
1242	326	5
1347	326	3
218	326	3
830	326	5
820	327	5
709	327	4
218	327	5
1235	327	5
338	327	5
778	327	5
1065	327	5
208	327	4
1115	327	4
845	328	5
1069	328	5
368	328	5
830	328	5
166	329	5
466	329	4
425	329	4
161	329	5
1230	329	4
524	329	5
333	330	4
218	330	5
850	330	5
1051	330	1
1191	330	5
1220	330	4
61	330	4
1291	330	4
190	330	5
231	330	1
918	331	1
1363	331	5
1271	331	5
1321	331	5
1077	331	5
1415	331	5
187	331	1
101	331	5
677	331	5
1067	331	4
580	331	5
1096	331	5
565	332	5
1328	332	5
1010	332	5
1093	332	5
93	332	5
1167	332	5
390	332	5
176	333	5
221	333	5
615	333	5
1116	333	4
429	334	3
988	334	4
351	334	5
511	334	5
148	335	4
1121	335	5
232	335	5
1159	335	5
1339	335	5
447	336	5
429	336	4
380	336	5
318	336	5
170	336	5
1410	337	5
977	337	5
540	337	5
986	337	5
607	337	5
708	337	5
138	337	5
170	337	5
866	337	5
974	337	5
701	338	5
1168	338	5
764	338	4
225	338	5
369	338	5
1118	338	5
917	338	3
1309	338	5
1403	339	5
164	339	5
1142	339	5
620	339	5
1255	340	4
1095	340	4
214	340	4
810	340	5
986	340	5
1009	340	5
836	340	5
111	340	5
521	340	5
774	341	5
540	341	5
642	341	5
663	342	3
429	342	4
1124	342	5
103	342	5
1246	342	3
265	342	5
238	343	3
1225	343	5
1381	343	3
397	344	4
156	344	5
1363	344	5
241	344	5
170	344	5
451	344	5
665	344	5
1021	344	5
388	345	5
55	345	5
406	345	5
1319	345	5
87	345	4
399	346	4
177	346	5
135	346	5
1361	346	5
915	346	3
855	346	4
110	346	5
1095	347	4
517	347	5
1308	347	4
1415	347	5
135	347	5
615	347	5
819	347	5
1428	347	1
380	348	5
981	348	5
1178	348	4
718	348	4
37	349	5
150	349	5
502	349	5
122	349	5
557	349	5
952	349	4
117	349	2
1253	349	5
1279	349	5
350	350	4
674	350	5
229	350	5
934	350	5
639	351	5
1372	351	5
780	351	5
156	351	5
1363	351	4
225	351	5
1272	351	5
906	351	4
189	351	5
241	351	5
1239	351	4
783	351	5
685	351	5
102	351	5
1009	351	5
821	351	5
469	351	5
370	351	5
617	351	5
560	351	4
696	351	5
895	351	5
401	351	5
951	351	5
1263	351	5
938	351	4
521	351	5
639	352	5
238	352	4
1040	352	5
730	352	1
1118	352	5
505	352	5
1283	352	5
60	353	4
779	353	3
118	353	5
526	353	5
801	353	4
1117	353	5
31	353	5
1067	353	1
66	353	5
1356	354	4
301	354	4
854	354	5
552	354	5
488	354	5
296	354	5
1319	354	4
608	354	5
1266	354	3
185	354	4
1259	355	4
514	355	4
1254	355	5
693	355	5
334	355	4
1274	355	4
1328	355	5
730	356	3
235	356	5
1047	356	4
650	356	2
893	357	5
151	357	5
1215	357	5
1339	357	5
1172	358	5
1397	358	5
1320	358	4
1068	358	5
759	359	5
578	359	4
1034	359	4
1168	359	5
564	359	5
404	359	4
65	360	5
1398	360	5
370	360	5
740	360	5
71	360	2
804	361	4
566	361	3
198	361	4
62	361	4
751	361	5
1366	362	5
878	362	5
568	362	4
161	362	5
681	362	5
1397	362	5
131	362	5
41	362	5
1144	362	5
546	362	5
1417	362	4
995	363	4
1071	363	4
1335	363	5
687	363	3
261	363	5
842	364	5
568	364	4
580	364	4
1154	364	5
325	364	5
35	365	3
867	365	4
1018	365	5
464	365	5
170	365	5
1418	365	5
639	366	5
65	366	5
986	366	5
773	366	5
820	367	5
1101	367	4
458	367	4
1371	367	5
80	367	3
510	367	5
874	367	4
849	367	4
483	368	5
130	368	5
283	368	5
226	368	4
1055	368	5
1146	368	5
979	368	5
869	368	5
890	368	3
246	368	5
778	368	5
431	368	5
144	368	5
961	368	5
887	368	3
955	368	5
896	368	4
861	369	5
845	369	2
426	369	4
1247	369	5
691	369	5
1301	369	5
1387	369	4
817	369	4
820	370	5
192	370	5
116	370	5
1387	370	4
1218	370	5
1127	371	4
1042	371	3
684	371	3
1066	371	5
726	371	4
547	371	5
531	371	5
111	371	4
26	371	5
1295	371	5
1362	372	5
491	372	5
742	372	5
639	373	5
400	373	5
1123	373	5
1149	373	5
1145	373	5
110	373	5
1377	373	5
218	374	5
362	374	5
713	374	4
813	374	4
1193	374	4
230	374	5
1374	374	5
830	374	5
1093	374	5
461	375	4
444	375	5
493	375	3
1299	375	3
619	376	5
478	376	2
360	376	5
1038	376	5
227	376	4
571	376	4
1150	376	5
1184	376	5
1070	376	5
34	376	5
813	376	5
1374	376	5
1408	376	5
1094	376	5
797	376	5
494	376	5
824	376	5
1263	376	5
82	376	3
517	377	5
902	377	4
514	377	5
430	377	5
575	378	3
726	378	4
741	378	4
462	378	5
1226	378	4
1425	378	4
352	379	5
1202	379	4
242	379	5
836	379	4
960	379	4
895	379	5
59	379	4
738	380	3
16	380	3
1388	380	4
139	380	5
603	380	5
7	380	4
1357	380	1
364	380	2
493	380	5
524	380	4
738	381	5
136	381	5
593	381	5
514	381	5
352	381	5
1259	381	5
1256	381	5
57	381	3
242	381	5
1174	381	5
921	381	5
1098	381	5
1216	381	4
1134	381	3
244	381	4
401	381	5
524	381	5
352	382	5
847	382	5
1385	382	5
1279	382	3
619	383	4
789	383	4
602	383	5
1150	383	3
212	383	5
1288	383	5
866	383	5
820	384	4
584	384	5
143	384	5
1247	384	5
503	384	1
890	384	4
431	384	5
116	384	5
409	384	5
961	384	5
589	384	5
879	384	5
1296	385	4
529	385	5
191	385	4
962	385	4
97	386	5
67	386	5
403	386	5
905	386	5
1143	387	5
352	387	5
22	387	5
907	387	5
199	387	5
50	387	5
1325	387	5
556	387	5
1276	387	5
838	387	5
62	387	5
852	387	5
1249	387	5
1220	387	5
1230	387	5
1316	387	5
544	387	5
1210	387	5
1324	387	3
66	387	5
871	387	5
768	387	4
758	387	5
1100	387	5
920	387	5
1393	387	5
1343	387	5
1053	387	5
805	388	5
607	388	3
1327	388	4
797	388	1
401	388	5
284	389	5
422	389	5
1157	389	5
1180	389	5
332	389	5
893	390	5
479	390	5
1091	390	5
1128	390	5
1023	390	4
213	390	4
123	390	4
1189	391	4
949	391	5
249	391	5
73	391	3
1194	391	4
1332	392	5
1304	392	5
483	393	5
129	393	5
1041	393	5
1161	393	5
76	393	2
1271	393	5
218	393	5
803	393	5
18	393	5
778	393	5
1015	393	5
497	393	5
959	393	5
79	393	5
1295	393	5
689	393	5
298	393	5
670	394	5
478	394	5
514	394	2
254	394	5
970	394	5
1076	394	5
657	394	5
790	394	5
679	395	5
1251	395	5
911	395	4
309	395	4
440	395	5
823	396	5
1009	396	2
182	396	5
348	396	5
520	396	3
1205	396	3
1048	397	5
517	397	5
5	397	5
1418	397	5
37	398	5
584	398	5
734	398	5
0	398	5
339	398	3
1370	398	4
1253	398	5
1005	398	5
843	398	5
661	398	5
716	399	5
1296	399	3
515	399	4
5	399	5
284	400	4
19	400	5
975	400	5
546	400	5
483	401	3
122	401	4
1070	401	5
187	401	3
1243	401	5
985	402	4
130	402	5
1044	402	4
466	402	4
1057	402	5
886	402	2
755	402	5
858	403	5
739	403	5
635	403	3
627	403	3
420	404	5
351	404	4
946	404	3
1064	404	5
1008	405	5
1427	405	5
29	405	5
1278	405	5
593	405	4
478	405	3
861	405	5
584	405	5
1	405	4
1069	405	4
886	405	5
1247	405	5
192	405	5
631	405	4
1147	405	4
890	405	5
496	405	5
830	405	5
819	405	5
797	405	5
667	405	4
282	405	5
1179	405	4
955	405	5
6	405	5
1041	406	4
289	406	5
318	406	5
340	406	5
540	406	5
986	406	5
21	406	5
537	406	5
1063	406	5
718	406	5
1124	406	1
1140	406	5
933	406	4
338	407	4
66	407	5
279	407	5
1320	407	5
639	408	5
1267	408	5
235	408	5
698	408	5
398	408	5
534	408	5
1414	408	5
1309	408	5
252	409	4
1227	409	4
833	409	5
125	410	5
386	410	5
599	410	5
490	410	4
605	411	1
1221	411	4
1336	411	5
553	411	3
376	411	2
461	412	3
201	412	5
1326	412	1
295	412	5
544	412	5
640	412	4
308	412	5
380	413	4
1189	413	5
1267	413	4
1178	413	4
292	413	5
580	413	5
403	413	5
430	413	5
642	413	5
452	413	5
207	413	5
951	413	5
1183	413	5
240	414	4
636	414	5
1345	414	5
467	414	2
29	415	5
140	415	5
240	415	4
107	415	5
552	415	3
1324	415	5
449	415	5
532	415	5
1311	415	5
610	415	5
1326	416	5
21	416	5
1193	416	5
259	416	5
224	416	4
1120	416	5
968	416	2
1110	416	4
175	416	4
1412	417	5
669	417	3
395	417	5
247	417	4
1287	418	3
1194	418	3
610	418	2
1095	419	4
562	419	5
868	419	4
1177	419	5
461	419	5
794	419	4
288	419	4
967	419	4
480	419	5
209	419	4
942	419	5
65	419	3
1376	419	5
867	419	3
1189	419	5
362	419	4
1267	419	4
945	419	5
301	419	4
708	419	5
0	419	5
148	419	5
370	419	5
115	419	5
949	419	5
419	419	5
1201	419	2
1261	419	5
364	419	5
401	419	5
258	419	4
28	419	4
248	420	5
1246	420	5
191	420	4
442	420	5
193	421	5
620	421	5
792	421	4
442	421	5
1173	422	4
1284	422	5
425	422	4
287	422	5
351	422	4
611	422	4
475	422	4
368	423	5
165	423	5
741	423	5
337	423	5
878	424	5
977	424	5
192	424	5
7	424	5
599	424	5
409	424	5
1406	424	5
1211	424	5
411	424	5
1295	424	5
1192	425	5
730	425	5
259	425	5
1153	425	5
747	425	5
782	425	5
413	425	4
605	426	4
903	426	5
741	426	5
534	426	5
866	426	5
514	427	3
24	427	2
498	427	5
700	427	4
399	428	5
397	428	5
1062	428	5
957	428	5
1348	428	5
533	428	5
156	428	3
902	428	5
240	428	5
402	428	5
942	428	5
201	428	5
491	428	5
189	428	5
651	428	5
1256	428	4
1277	428	5
986	428	5
361	428	5
585	428	5
852	428	5
353	428	4
414	428	5
276	428	5
86	428	5
614	428	5
1058	428	4
114	428	5
1141	428	4
313	428	2
1078	428	5
848	428	5
849	428	5
364	428	5
383	428	5
676	428	5
1194	428	5
1212	428	5
1061	428	4
814	428	3
1322	428	5
394	429	5
299	429	5
376	429	5
1305	429	1
276	429	5
432	430	4
744	430	5
813	430	3
1301	430	5
120	430	5
1302	430	4
352	431	5
960	431	5
1331	431	3
1343	431	4
910	431	5
1310	432	5
554	432	5
225	432	5
351	432	5
1160	432	2
1273	432	3
331	432	5
1296	433	4
295	433	4
1095	434	4
744	434	5
1025	434	5
711	434	5
258	434	5
1322	434	5
417	435	5
1347	435	5
426	435	5
599	435	5
527	436	5
346	436	3
1019	436	5
377	436	5
312	436	3
313	436	5
154	437	4
429	437	5
1402	437	5
240	437	4
528	437	5
994	437	5
1105	437	5
67	437	4
951	437	5
76	438	5
599	438	5
1224	438	5
1054	438	5
6	438	5
582	439	5
1042	439	4
925	439	5
1334	439	5
987	439	5
660	439	5
1242	440	4
1290	440	5
879	440	5
354	441	5
353	441	5
742	441	5
1377	441	5
823	442	5
286	442	5
0	442	5
501	442	4
271	442	1
1345	442	5
738	443	5
1095	443	3
1050	443	4
16	443	5
226	443	4
352	443	4
1277	443	5
726	443	4
182	443	4
960	443	5
493	443	4
1251	444	5
218	444	4
1371	444	5
656	444	2
1008	445	5
752	445	5
519	445	5
1154	445	5
1054	445	5
690	446	5
635	446	5
969	446	5
1194	446	5
742	446	2
514	447	4
69	447	5
1203	447	5
969	447	5
244	447	5
742	447	5
473	448	2
1123	448	4
441	448	5
419	448	5
1418	448	5
593	449	4
1259	449	5
492	449	3
569	449	3
991	449	1
136	450	4
864	450	5
514	450	4
1249	450	3
829	450	5
934	450	5
35	451	5
1234	451	5
656	451	1
296	451	5
130	452	5
522	452	5
752	452	4
605	452	4
1090	452	2
1397	452	5
552	452	4
949	452	5
1268	452	2
892	453	5
359	453	5
50	453	5
1194	453	5
742	453	5
335	454	4
1282	454	4
353	454	3
1094	454	5
1093	454	4
1331	454	5
637	454	5
428	454	5
473	455	4
226	455	5
779	455	4
653	455	5
948	455	4
163	455	5
686	455	5
897	455	5
158	455	5
1406	455	5
399	456	5
820	456	5
16	456	5
779	456	4
153	456	3
740	456	5
188	456	5
77	456	4
145	457	4
170	457	5
614	457	4
409	457	5
511	457	4
660	457	5
1261	457	5
1255	458	5
240	458	5
106	458	5
416	458	5
602	458	5
958	458	5
257	458	5
90	458	4
453	458	5
1187	458	4
1230	458	5
117	458	1
1338	458	4
984	458	5
497	458	5
413	458	5
676	458	5
1012	458	5
268	458	4
1359	458	5
82	458	4
1321	459	5
159	459	3
1226	459	4
32	459	4
123	459	5
162	460	5
864	460	3
891	460	4
12	460	4
603	461	5
1098	461	1
839	461	5
744	462	5
448	462	5
275	462	5
1009	462	5
434	462	5
794	463	4
471	463	5
764	463	5
584	463	5
297	463	1
1326	463	4
1202	463	5
822	463	5
1049	463	5
445	463	5
421	463	5
1115	463	5
1111	463	5
428	463	2
1366	464	3
445	464	5
917	464	5
1396	464	4
1141	464	5
1115	464	4
1278	465	1
283	465	5
1198	465	5
709	465	5
1038	465	3
1231	465	5
466	465	3
118	465	4
948	465	5
1247	465	5
192	465	5
1147	465	4
343	465	5
463	465	3
116	465	5
1386	465	3
296	465	5
694	465	4
797	465	5
79	465	1
266	465	5
438	465	4
610	465	5
1398	466	5
518	466	5
685	466	5
1100	466	5
1273	466	5
752	467	3
505	467	4
1416	467	5
792	467	5
325	467	5
401	467	4
626	468	4
774	468	5
565	468	5
1310	469	5
989	469	5
1069	469	5
250	469	5
1397	469	5
131	469	5
1002	469	5
65	470	5
377	470	4
681	470	3
370	470	5
1329	470	5
1225	470	4
1265	470	5
823	471	5
241	471	5
1282	471	5
145	471	5
510	471	5
454	471	5
514	472	5
899	472	4
1383	472	4
1425	472	5
972	472	5
620	473	4
712	473	5
1228	473	5
217	473	5
237	473	4
1194	473	5
900	474	5
141	474	5
387	474	5
1039	474	3
225	475	4
805	475	5
1325	475	5
145	475	5
838	475	5
27	475	5
67	475	5
768	475	4
866	475	5
1428	475	5
758	475	5
1214	475	5
1194	475	5
1205	475	5
795	476	5
1074	476	5
101	476	5
567	476	5
174	476	4
674	477	5
1149	477	5
395	477	3
207	477	5
1236	478	4
408	478	5
1271	478	5
1164	478	5
775	478	5
821	478	4
126	478	4
1155	478	4
1423	478	5
679	479	5
341	479	5
538	479	4
1019	479	5
214	479	3
193	479	4
628	479	5
525	479	5
531	479	5
577	479	3
174	479	4
839	479	4
1426	480	5
62	480	3
708	480	5
455	480	5
973	480	3
590	480	5
1255	481	5
1321	481	3
594	481	5
11	481	5
170	481	5
307	481	5
487	481	5
1002	481	1
1140	481	5
623	481	5
635	481	3
194	481	5
1399	482	5
549	482	4
1106	482	3
1163	482	2
194	482	5
524	482	5
706	483	5
909	483	5
905	483	3
194	483	5
1252	483	5
277	483	5
802	484	5
752	484	5
994	484	5
526	484	5
635	484	5
702	484	4
458	485	5
26	485	5
737	485	5
1269	486	1
46	486	5
288	486	5
802	486	1
923	486	5
716	486	5
1137	486	5
999	486	5
28	486	5
593	487	4
1356	487	3
242	487	5
414	487	2
276	487	4
109	487	5
902	488	3
352	488	5
1069	488	5
1174	488	5
276	488	4
836	488	5
1416	488	5
676	488	4
59	488	4
1385	488	4
1255	489	5
858	489	5
491	489	5
386	489	5
219	490	5
1326	490	5
1140	490	4
1133	490	5
322	490	4
1121	491	2
1138	491	2
1286	491	5
1194	491	5
701	492	5
841	492	5
1308	492	2
801	492	4
1074	492	5
270	492	5
976	492	2
178	492	5
544	492	5
1237	492	5
411	492	5
521	492	4
94	492	1
288	493	5
580	493	5
342	493	5
543	493	5
858	494	5
435	494	5
1137	494	4
1135	494	5
1056	494	5
1330	494	5
1237	494	5
112	495	5
1347	495	2
1250	495	5
1224	495	5
561	495	3
1278	496	5
1395	496	5
1150	496	1
741	496	3
782	496	3
947	497	3
21	497	5
656	497	5
863	497	1
1107	497	5
654	497	4
131	497	3
215	497	5
109	497	5
1404	497	4
723	497	4
277	497	1
1012	497	5
1421	497	3
506	497	5
87	497	4
335	498	4
1411	498	5
875	498	3
144	498	5
735	498	3
910	498	5
66	499	4
1136	499	5
570	500	5
412	500	5
394	500	5
98	500	5
511	500	5
1213	500	5
993	500	5
1382	501	5
861	501	5
827	501	4
1334	501	5
258	501	4
507	502	1
781	502	4
492	502	4
1187	502	2
1270	502	1
835	503	5
774	503	5
142	503	5
898	503	5
318	503	3
152	503	5
730	503	5
78	503	4
287	503	5
1102	503	1
645	503	4
1023	503	2
1260	503	5
1188	503	5
1414	503	5
452	503	5
499	503	5
53	503	5
1021	503	5
1086	503	5
812	504	5
326	504	5
858	504	5
352	504	5
923	504	5
1004	504	5
474	504	5
891	504	5
726	504	5
1114	504	4
1234	504	5
1305	504	5
853	504	5
424	504	5
600	504	5
267	504	5
800	504	5
731	504	5
454	504	5
969	504	5
1033	504	5
1194	504	5
951	504	5
59	504	5
1359	504	5
742	504	5
744	505	5
352	505	5
842	505	5
423	505	5
1249	505	4
510	505	5
636	505	5
569	505	4
1378	505	2
393	505	3
59	505	4
1385	505	4
1095	506	4
1127	506	3
461	506	5
218	506	3
264	506	3
145	506	5
585	506	5
317	506	4
636	506	3
735	506	5
910	506	5
60	507	5
982	507	5
1161	507	5
1321	507	5
24	507	5
907	507	5
491	507	5
354	507	5
1256	507	5
877	507	5
12	507	5
928	507	5
999	507	5
358	507	3
75	507	5
969	507	3
872	507	5
1194	507	5
314	507	5
524	507	5
298	507	5
742	507	5
593	508	4
719	508	5
402	508	5
299	508	4
991	508	4
719	509	5
760	509	4
299	509	5
829	509	5
120	509	5
56	510	5
446	510	5
1229	510	5
231	510	3
326	511	3
1020	511	5
1137	511	5
1240	511	5
634	511	5
662	512	5
1321	512	5
809	512	3
369	512	5
143	512	5
644	512	5
197	513	5
968	513	1
1373	513	4
1258	513	5
157	513	5
922	514	1
760	514	5
867	514	5
909	514	5
1190	514	3
1311	514	5
1399	515	5
1278	515	4
1395	515	5
1112	515	5
134	515	5
948	515	5
186	515	5
246	515	4
431	515	5
741	515	4
1304	515	5
755	515	5
92	515	5
596	515	5
661	515	5
550	516	4
1109	516	5
1277	516	5
1032	516	5
488	516	5
1062	517	4
918	517	5
1129	517	4
1347	517	5
1308	517	4
366	517	4
1419	517	5
259	517	5
599	517	5
940	517	4
71	517	4
1216	517	5
873	517	4
613	518	5
151	518	5
236	518	4
1419	518	4
943	518	4
599	518	5
1358	519	5
3	519	5
868	519	5
888	519	5
1394	519	5
769	519	5
240	519	5
1055	519	4
39	519	5
658	519	4
1185	519	5
405	519	4
234	519	4
1352	519	5
96	519	5
822	519	5
717	519	4
712	519	5
0	519	5
1257	519	4
631	519	4
919	519	5
343	519	5
1294	519	3
276	519	5
586	519	5
115	519	5
501	519	4
1396	519	2
1416	519	5
1078	519	5
792	519	5
1180	519	5
255	519	5
946	519	4
974	519	3
927	519	5
194	519	5
1159	519	5
1380	519	5
401	519	4
951	519	4
450	519	3
367	519	5
322	519	5
993	519	4
745	520	4
963	520	4
327	520	5
94	520	5
1080	520	3
562	521	4
868	521	5
489	521	5
522	521	5
550	521	5
1231	521	3
513	521	5
189	521	5
356	521	4
211	521	5
945	521	5
1027	521	3
1257	521	5
1135	521	5
170	521	5
403	521	5
1125	521	5
569	521	5
1328	521	5
646	521	5
216	521	5
1345	521	5
1161	522	4
1202	522	5
298	522	5
281	523	4
491	523	5
1333	523	5
149	523	5
1389	523	4
1149	523	5
1342	524	5
957	524	3
1052	524	5
541	524	4
986	524	5
988	524	5
70	524	5
604	524	4
323	524	4
971	524	4
888	525	4
774	525	5
1077	525	5
653	525	5
113	525	5
169	525	4
18	525	5
308	525	5
959	525	5
1251	526	5
272	526	5
131	526	5
296	526	5
1218	526	5
65	527	5
690	527	5
1350	527	5
1210	527	5
170	527	5
1336	528	5
1000	528	4
943	528	5
468	528	5
321	529	5
852	529	5
268	529	5
1418	529	5
1285	530	5
198	530	5
344	530	5
971	530	5
641	530	4
16	531	5
613	531	5
491	531	5
1317	531	4
62	531	4
1000	531	5
440	531	5
167	531	1
830	531	4
1121	531	5
1014	531	5
1051	532	5
921	532	5
511	532	5
194	532	5
483	533	5
34	533	4
246	533	5
1029	533	5
542	533	5
417	534	2
337	534	5
971	534	3
583	535	5
942	535	4
852	535	5
1190	535	4
307	535	4
968	535	5
679	536	4
239	536	5
297	536	5
1126	536	5
351	536	4
1243	536	5
279	536	5
1002	536	5
643	536	3
115	537	5
1170	537	5
767	537	4
1385	537	5
1344	538	5
391	538	3
596	538	5
1115	538	4
1182	538	4
399	539	3
1164	539	5
650	539	4
1078	539	5
1270	539	4
147	539	3
527	540	5
1307	540	5
245	540	5
525	540	5
398	541	5
409	541	1
938	541	5
336	541	5
1276	542	5
1191	542	5
1340	542	5
1294	542	5
266	542	5
639	543	5
715	543	4
23	543	5
1239	543	4
518	543	5
498	543	4
1110	543	2
643	543	3
610	543	3
546	543	5
231	543	4
83	543	3
779	544	4
1256	544	5
553	544	5
901	544	5
1234	544	5
1305	544	5
159	544	2
1046	544	5
1068	544	5
762	544	5
593	545	3
719	545	2
717	545	1
1093	545	4
1331	545	3
991	545	4
1017	545	4
428	545	2
1048	546	4
802	546	5
69	546	5
810	546	4
1153	546	5
1138	546	3
749	547	5
932	547	5
153	547	4
1114	547	5
1360	547	4
344	548	5
1137	548	4
17	548	5
1141	548	5
940	548	5
1211	548	5
517	549	5
1412	549	5
638	549	5
510	549	5
364	549	5
240	550	5
23	550	4
944	550	4
1332	550	5
1166	550	5
1083	550	5
719	551	3
359	551	5
396	551	3
376	551	5
1354	551	5
430	551	5
376	552	5
1386	552	4
599	552	5
940	552	5
747	552	5
974	552	5
1363	553	5
898	553	5
760	553	5
844	553	5
133	553	5
132	553	5
218	554	5
474	554	5
5	554	5
17	554	2
482	554	5
971	554	5
626	555	3
833	555	3
1032	555	5
921	555	5
469	555	5
128	555	4
285	555	4
457	555	5
217	555	5
1425	555	3
485	555	5
1207	555	5
195	556	4
458	556	5
1187	556	5
777	556	5
1074	556	3
1360	556	5
1330	556	4
830	556	5
1013	556	5
1136	556	5
887	556	1
955	556	5
1321	557	3
97	558	4
522	558	5
180	558	5
27	558	4
67	558	4
806	558	5
1411	559	5
599	559	5
865	559	5
632	559	5
924	559	4
1363	560	5
518	560	3
376	560	4
1351	560	5
1143	561	5
906	561	5
31	561	5
798	561	5
1331	561	5
1363	562	5
1351	562	5
806	562	5
277	562	3
1382	563	4
319	563	4
763	563	5
1276	563	3
1315	563	5
153	563	5
1316	563	4
67	563	4
624	563	4
623	563	5
1273	563	5
401	563	5
314	563	5
372	564	1
503	564	3
803	564	4
1204	564	4
1384	564	5
971	564	5
831	565	4
1402	565	2
363	565	2
479	565	1
842	565	3
203	565	5
697	565	3
81	565	2
1406	565	5
637	565	5
735	565	2
1224	565	5
1385	565	5
122	566	5
10	566	5
412	566	5
249	566	5
1019	567	3
1262	567	5
667	567	5
933	567	3
2	567	4
46	568	5
68	568	5
769	568	2
882	568	4
907	568	2
248	568	5
214	568	5
1105	568	5
338	568	4
469	568	5
1002	568	5
232	568	5
1273	568	5
1116	568	5
1072	569	5
1036	569	5
1365	569	4
925	569	4
1371	569	5
1368	569	3
1125	569	5
490	569	5
948	570	5
726	570	5
1377	570	5
733	571	3
539	571	4
193	571	5
167	571	5
181	571	5
848	571	5
646	571	3
1413	572	3
1272	572	5
906	572	4
234	572	5
26	572	5
951	572	5
378	573	5
970	573	5
1076	573	5
1171	573	5
306	574	1
1394	574	5
429	574	4
385	574	5
841	574	5
156	574	5
1242	574	4
1162	574	5
465	574	5
967	574	4
1375	574	4
658	574	5
1415	574	5
495	574	5
198	574	5
1352	574	5
1022	574	5
96	574	5
229	574	2
964	574	5
1074	574	5
392	574	5
718	574	3
1107	574	5
592	574	5
1361	574	5
1067	574	5
559	574	5
671	574	5
501	574	4
1125	574	5
788	574	5
1024	574	4
531	574	4
61	574	5
1007	574	5
1119	574	5
700	574	4
271	574	5
927	574	5
475	574	5
179	574	5
1380	574	5
450	574	4
89	574	5
1086	574	3
1241	574	5
857	574	5
718	575	3
61	575	5
276	576	4
1368	576	3
606	576	5
452	576	5
1208	577	4
1133	577	4
532	577	5
1273	577	5
46	578	5
97	578	3
60	578	5
129	578	4
156	578	5
461	578	3
684	578	4
240	578	5
802	578	5
907	578	5
942	578	5
264	578	5
189	578	4
594	578	5
1178	578	4
834	578	5
163	578	5
339	578	4
317	578	5
1234	578	5
353	578	4
477	578	5
1312	578	3
853	578	5
276	578	5
183	578	5
875	578	1
86	578	4
1423	578	5
66	578	5
170	578	4
536	578	3
409	578	2
296	578	5
695	578	5
866	578	5
1141	578	5
1078	578	5
874	578	4
1068	578	1
627	578	5
1343	578	5
762	578	4
121	578	5
157	578	5
1415	579	5
394	579	5
263	579	5
788	579	5
1002	579	5
144	579	5
1134	579	5
1221	580	4
335	580	5
287	580	5
357	580	5
1156	580	5
297	581	2
281	581	4
1376	581	5
241	581	5
1305	581	5
1083	581	4
1000	582	5
229	582	1
901	582	3
544	582	5
1295	582	5
121	582	5
702	582	5
25	583	5
1041	583	4
1170	583	5
279	583	4
1314	583	5
87	583	4
1008	584	5
1235	584	4
259	584	2
940	584	5
542	584	5
972	584	5
352	585	5
834	585	1
34	585	5
391	585	3
1136	585	5
883	586	5
251	586	5
1221	586	5
1239	586	5
1027	586	4
1340	586	5
599	586	5
1255	587	5
399	587	5
1412	587	5
906	587	4
891	587	5
717	587	5
81	587	5
558	587	4
590	587	5
333	588	5
461	588	3
779	588	4
189	588	5
361	588	5
1056	588	5
866	588	4
1033	588	5
371	588	5
900	589	4
856	589	4
936	589	5
56	589	5
1142	589	5
139	589	3
1047	589	5
765	589	5
787	589	3
1007	589	3
421	589	5
1076	589	5
432	590	3
862	590	5
362	590	4
777	590	4
1136	590	2
237	590	5
1187	591	5
1315	591	5
1374	591	5
1006	591	1
720	591	3
168	592	3
1233	592	5
1093	592	4
1268	592	5
1224	592	5
1175	592	5
239	593	5
56	593	5
1243	593	5
765	593	5
611	593	5
85	593	5
404	593	5
1255	594	5
54	594	5
701	594	5
730	594	5
426	594	5
1282	594	5
1420	594	5
1018	594	5
630	594	5
778	594	5
1153	594	5
782	594	5
413	594	5
79	594	5
735	594	5
298	594	5
318	595	5
1365	595	5
791	595	5
316	595	5
639	596	5
1005	596	5
131	596	4
1291	596	4
217	596	4
735	596	4
684	597	5
1271	597	3
1356	597	2
886	597	3
192	597	5
296	597	4
961	597	5
1093	597	5
896	597	5
37	598	5
809	598	5
238	598	5
126	598	4
446	598	5
1076	598	5
452	598	5
145	599	5
1230	599	4
908	599	5
459	599	5
758	599	2
73	599	4
384	599	5
932	600	3
681	600	4
654	600	3
1261	600	5
1159	600	1
561	600	2
195	601	4
1413	601	4
254	601	5
847	601	5
808	601	4
964	601	5
970	601	5
64	601	5
1218	601	5
87	601	5
677	602	5
1320	602	5
1270	602	5
37	603	5
429	603	2
1168	603	5
1422	603	3
1269	603	5
862	603	3
495	603	3
570	603	5
88	603	5
14	603	3
1349	603	5
270	603	5
775	603	5
1009	603	5
791	603	3
586	603	5
671	603	5
256	603	5
499	603	5
271	603	3
657	603	5
790	603	5
1241	603	3
485	603	5
1366	604	5
49	604	5
417	604	5
283	604	5
264	604	5
347	604	5
52	604	5
308	604	5
616	604	5
587	605	2
1236	605	3
793	605	5
1097	605	5
1027	605	4
1350	605	5
1021	605	5
1279	605	5
977	606	5
198	606	3
11	606	5
192	606	5
875	606	1
963	606	5
17	606	1
1211	606	5
6	606	4
82	606	5
1318	607	5
227	607	5
1336	607	5
891	607	5
838	607	4
690	607	5
909	607	5
1350	607	4
476	607	5
66	607	5
788	607	5
371	607	5
376	608	3
382	608	4
120	608	5
637	608	5
1382	609	2
846	609	4
697	609	4
661	609	3
993	609	4
588	610	4
240	610	2
1005	610	2
177	611	5
176	611	3
1198	611	5
204	611	5
299	611	5
1306	611	3
440	611	2
1324	611	5
215	611	2
1273	611	5
1385	611	2
151	612	5
540	612	4
52	612	5
660	612	5
1012	612	5
862	613	2
1213	613	5
332	613	5
900	614	5
588	614	5
1006	614	5
595	614	5
71	614	4
642	614	5
509	614	4
1095	615	3
593	615	4
517	615	5
842	615	5
1282	615	5
139	615	5
7	615	5
477	615	5
414	615	5
276	615	5
1368	615	4
182	615	5
1258	615	5
1216	615	5
28	615	3
108	616	2
246	616	5
46	617	5
670	617	4
1063	617	3
1193	617	3
510	617	5
1156	617	5
174	617	4
1011	617	3
710	618	3
766	618	5
503	618	5
26	618	5
1033	618	5
727	618	5
1143	619	4
1364	619	5
1	619	5
396	619	4
242	619	5
440	619	5
322	619	4
485	619	5
752	620	5
257	620	5
1109	620	5
717	620	5
553	620	4
865	620	5
920	620	5
244	620	5
1109	621	5
518	621	5
717	621	5
127	621	5
246	621	5
954	621	5
124	621	4
1363	622	5
649	622	5
196	622	4
181	622	5
1248	623	2
1043	623	2
596	623	3
120	623	5
1115	623	3
1088	624	3
888	624	5
659	624	5
514	624	5
1025	624	5
620	624	5
754	624	3
423	624	5
692	624	1
1105	624	5
573	624	5
1360	624	5
178	624	4
188	624	5
520	624	5
790	624	5
145	625	5
717	625	1
1096	625	5
380	626	5
1189	626	5
1298	626	5
1163	626	4
745	627	5
15	627	5
1365	627	5
607	627	4
137	627	2
454	627	5
452	627	5
1353	627	4
761	628	4
584	628	5
925	628	5
1408	628	4
1224	628	4
1028	629	1
1408	629	4
1115	629	4
676	629	4
992	630	4
1406	630	5
589	630	5
1087	631	5
1075	631	5
1368	631	3
1159	631	5
150	632	5
749	632	4
881	632	5
335	632	3
1336	632	5
139	632	5
38	632	5
500	632	4
87	632	5
554	633	5
161	633	5
667	633	4
239	634	5
745	634	4
752	634	5
625	634	4
1184	634	5
1174	634	5
54	635	4
461	635	5
471	635	5
1310	635	5
432	635	4
465	635	5
39	635	5
145	635	5
394	635	5
1120	635	5
33	635	5
950	635	3
171	635	5
1130	635	5
893	636	2
764	636	5
707	636	5
1309	636	5
578	637	5
1259	637	5
225	637	5
1132	637	2
423	637	5
801	638	3
1296	638	4
1018	638	2
396	638	5
1009	638	4
1046	638	5
543	638	5
823	639	4
1019	639	5
846	639	4
516	639	5
603	639	5
99	639	3
1339	639	2
743	640	4
203	640	4
847	640	5
927	640	5
367	640	5
1381	640	4
1255	641	5
283	641	5
832	641	5
1196	641	5
131	641	5
81	641	5
602	642	5
218	642	5
833	642	5
117	642	4
116	642	5
699	642	5
883	643	5
333	643	5
321	643	5
838	643	5
1389	643	4
720	643	4
303	643	3
814	643	3
823	644	5
330	644	3
870	644	2
47	644	5
602	644	5
362	644	5
1170	644	5
691	644	5
279	644	5
1013	644	5
1115	644	4
1211	644	5
621	645	4
867	645	5
1282	645	5
1148	645	5
510	645	5
414	645	5
829	645	4
182	645	5
1301	645	5
1093	645	4
960	645	5
1311	645	3
190	645	3
28	645	5
789	646	4
602	646	5
1060	646	5
966	646	5
1062	647	5
289	647	5
1363	647	5
1276	647	5
396	647	5
614	647	5
175	647	4
895	647	5
371	647	5
900	648	5
251	648	4
1363	648	5
916	648	5
1063	648	5
934	648	5
687	649	5
743	649	5
203	649	5
976	649	5
1084	649	5
751	649	5
460	649	5
927	649	5
938	649	5
1162	650	5
1184	650	5
358	650	5
170	650	4
849	650	4
762	650	5
742	650	5
303	650	4
397	651	5
931	651	5
1050	651	2
240	651	3
566	651	4
341	652	5
1164	652	5
1386	652	5
1264	652	5
940	652	4
335	653	4
1276	653	5
708	653	1
386	653	5
1412	654	4
584	654	5
344	654	5
903	654	5
206	654	4
1093	654	4
1299	654	5
985	655	4
761	655	5
861	655	3
819	655	5
866	655	2
879	655	4
418	656	4
429	656	4
769	656	5
514	656	5
916	656	5
1267	656	3
101	656	4
445	656	4
276	656	5
586	656	5
1246	656	4
616	656	5
237	656	4
1158	657	5
29	657	4
502	657	5
1271	657	4
967	657	4
287	657	4
1298	657	4
148	657	4
1360	657	3
132	657	5
334	657	4
695	657	3
924	657	3
442	657	4
341	658	5
1117	658	4
1215	658	5
1320	658	5
669	658	5
1207	658	5
931	659	5
335	659	4
1267	659	4
423	659	5
245	659	5
708	659	5
1220	659	5
1253	659	5
409	659	5
635	659	4
876	659	4
885	659	5
1297	659	5
1122	659	3
1231	660	5
416	660	4
770	660	4
788	660	5
1023	660	3
635	660	3
1108	660	1
429	661	4
416	661	4
942	661	4
193	661	4
1113	661	5
1328	661	3
419	661	5
231	661	5
995	662	5
779	662	4
1178	662	4
230	662	1
86	662	4
1094	662	5
1141	662	4
59	662	5
1255	663	5
517	663	5
937	663	5
240	663	5
802	663	5
1221	663	5
779	663	4
491	663	3
1117	663	5
1178	663	5
702	663	4
350	664	5
701	664	5
942	664	5
1282	664	5
1276	664	5
162	665	5
937	665	5
1129	665	4
1017	665	5
167	666	3
247	666	5
1012	666	5
802	667	5
826	667	5
423	667	5
235	667	5
459	667	4
1343	667	5
684	668	4
668	668	5
211	668	5
690	668	3
603	668	5
463	668	4
1288	668	5
261	668	5
961	668	5
1033	668	5
588	669	5
36	669	5
143	669	5
666	669	5
1196	669	5
1166	669	5
509	669	5
233	670	1
403	670	1
1201	670	4
393	670	5
470	671	5
1194	671	5
326	672	5
834	672	5
573	672	5
1190	672	5
5	672	4
1357	672	5
1383	672	1
75	672	5
858	673	5
1357	673	3
606	673	4
371	673	5
145	674	5
1240	674	5
1125	674	5
768	674	5
806	674	4
951	674	5
326	675	5
982	675	5
858	675	4
716	676	4
556	676	5
1249	676	5
27	676	4
351	676	5
1350	676	5
67	676	5
1214	676	5
806	676	4
332	676	5
867	677	5
315	677	5
852	677	5
1249	677	5
180	678	5
27	678	5
1423	678	5
67	678	5
797	678	5
806	678	5
1088	679	4
176	679	5
605	679	5
448	679	5
1259	679	5
65	679	3
826	679	5
556	679	5
31	679	5
1084	679	5
677	679	5
66	679	4
488	679	4
807	679	5
992	679	4
114	679	5
894	679	5
825	679	5
1399	680	5
931	680	5
523	680	5
199	680	4
225	680	4
579	680	5
427	680	5
1424	680	5
1142	680	5
1114	680	5
212	680	5
330	680	5
1023	680	4
669	680	4
316	680	5
467	680	4
1122	680	4
471	681	5
730	681	5
850	681	3
986	681	5
387	681	5
224	681	4
267	681	5
196	682	5
1316	682	5
725	682	5
544	682	5
1023	682	3
561	682	5
889	682	4
251	683	5
756	683	4
23	683	5
278	683	5
916	683	5
1267	683	3
1051	683	5
1199	683	5
934	683	5
1008	684	5
799	684	4
275	684	5
1163	684	4
545	685	5
287	685	5
941	685	4
811	685	3
599	685	5
454	685	5
1255	686	4
1177	686	5
502	686	5
1221	686	5
756	686	3
491	686	5
526	686	3
1018	686	5
1178	686	5
1298	686	4
853	686	5
370	686	5
1121	686	5
807	686	4
409	686	5
348	686	5
1320	686	5
1414	686	3
452	686	5
364	686	5
438	686	5
207	686	5
1343	686	4
473	687	1
1226	687	4
590	687	4
962	687	4
702	687	5
375	688	5
155	688	4
161	688	5
74	688	5
520	688	4
1427	689	5
1192	689	5
571	689	5
741	689	5
1204	689	4
478	690	5
1335	690	5
706	690	4
1271	690	3
1231	690	5
1101	690	3
118	690	4
241	690	5
693	690	5
783	690	5
143	690	4
1235	690	5
953	690	5
1349	690	5
919	690	5
1360	690	3
681	690	4
1218	690	5
930	690	4
92	690	4
1355	691	4
359	691	5
152	691	4
224	691	5
635	691	5
54	692	5
799	692	5
701	692	5
283	692	5
845	692	4
730	692	3
105	692	5
453	692	5
168	692	5
425	692	4
320	692	5
630	692	5
926	692	5
221	692	5
338	692	5
477	692	5
778	692	5
1294	692	5
987	692	5
699	692	5
308	692	4
103	692	5
208	692	3
564	692	5
689	692	4
1185	693	5
777	693	5
1191	693	2
80	693	4
1264	693	5
1218	693	4
608	693	3
185	693	3
1381	693	4
145	694	5
680	694	5
17	694	3
1059	695	4
15	695	1
932	695	3
141	695	3
294	695	5
399	696	5
1399	696	5
1392	696	4
219	696	4
745	696	5
240	696	5
878	696	4
369	696	4
597	696	4
30	696	5
213	696	5
395	696	4
401	696	5
633	697	5
1036	697	5
602	697	5
309	697	5
1170	697	5
753	697	4
1059	698	5
15	698	2
238	698	5
141	698	5
936	698	5
56	698	5
508	698	5
27	698	5
235	698	5
345	698	3
1125	698	5
1076	698	5
1417	698	5
892	699	5
359	699	4
550	699	5
844	699	5
139	699	5
353	699	4
1428	699	5
1194	699	5
668	700	5
1143	700	5
23	700	5
229	700	3
1081	700	5
1100	700	5
814	700	2
206	701	5
1295	701	5
94	701	4
809	702	2
164	702	1
56	702	5
730	702	5
785	702	5
1310	703	5
850	703	4
108	703	5
705	703	5
1016	703	4
1028	704	5
252	704	4
151	704	3
891	704	5
1051	704	2
656	704	4
1407	704	5
1064	704	3
332	704	2
1079	704	3
839	704	5
23	705	5
901	705	4
1332	705	5
954	705	5
342	705	5
995	706	3
280	706	5
639	706	5
42	706	5
670	706	5
759	706	5
37	706	5
517	706	5
350	706	5
541	706	5
429	706	4
1041	706	5
1037	706	5
176	706	5
733	706	4
1284	706	4
1019	706	5
1413	706	5
142	706	5
1221	706	3
47	706	5
1287	706	5
1422	706	1
789	706	5
779	706	4
204	706	5
703	706	5
579	706	5
730	706	5
844	706	5
264	706	5
335	706	5
916	706	1
810	706	5
566	706	5
241	706	5
198	706	4
732	706	5
405	706	3
754	706	5
1113	706	5
412	706	5
287	706	5
139	706	5
516	706	5
682	706	5
690	706	5
62	706	5
585	706	5
1022	706	5
301	706	5
88	706	5
1090	706	5
14	706	2
96	706	5
707	706	5
470	706	5
712	706	5
553	706	5
305	706	5
990	706	4
708	706	4
551	706	5
1257	706	5
631	706	5
270	706	5
504	706	5
64	706	5
1084	706	5
27	706	5
1280	706	5
1128	706	5
1085	706	5
997	706	5
818	706	5
70	706	5
382	706	5
1001	706	5
52	706	5
178	706	5
45	706	5
672	706	5
691	706	5
66	706	4
256	706	5
501	706	3
1327	706	5
836	706	5
650	706	5
487	706	4
1002	706	5
1133	706	5
228	706	4
635	706	1
61	706	5
700	706	5
1076	706	5
960	706	5
1015	706	5
1108	706	5
93	706	5
499	706	5
1261	706	5
437	706	5
174	706	5
927	706	5
1213	706	5
8	706	4
179	706	5
216	706	5
855	706	5
933	706	5
1252	706	5
509	706	5
32	706	5
520	706	5
123	706	5
1405	706	4
2	706	5
1295	706	5
331	706	5
85	706	4
1241	706	5
1289	706	5
94	706	5
157	706	5
972	706	5
814	706	5
1417	706	1
336	706	5
859	706	5
83	706	5
828	706	5
512	706	5
147	706	5
893	707	5
251	707	5
349	707	5
664	707	4
957	707	4
1048	707	5
156	707	3
578	707	5
538	707	5
422	707	5
1055	707	5
687	707	5
122	707	4
774	707	5
1231	707	5
142	707	5
238	707	4
899	707	4
575	707	5
297	707	5
13	707	5
743	707	5
540	707	5
1150	707	5
651	707	3
1118	707	5
716	707	5
1097	707	5
410	707	4
1239	707	4
1142	707	3
1057	707	5
1181	707	5
1317	707	5
1132	707	4
1090	707	5
707	707	5
444	707	4
909	707	5
102	707	5
505	707	4
242	707	5
1082	707	4
770	707	5
1060	707	3
698	707	5
751	707	5
1389	707	3
445	707	5
52	707	2
496	707	5
739	707	5
672	707	5
1222	707	5
1102	707	5
324	707	5
1031	707	5
215	707	5
1120	707	2
1199	707	5
158	707	5
460	707	5
1098	707	4
490	707	5
1024	707	5
1225	707	5
291	707	5
232	707	5
1180	707	5
1089	707	5
1043	707	5
1076	707	5
1311	707	5
137	707	5
98	707	4
499	707	5
271	707	5
437	707	5
885	707	5
735	707	5
938	707	5
546	707	5
1299	707	5
89	707	5
367	707	5
1021	707	5
1369	707	5
1265	707	5
512	707	5
478	708	5
1395	708	4
480	708	4
750	708	4
810	708	5
833	708	4
1070	708	5
630	708	5
741	708	5
1006	708	5
335	709	4
357	709	5
468	709	4
1418	709	4
94	709	5
684	710	4
626	710	3
733	710	1
200	710	4
1221	710	2
884	710	5
12	710	3
773	710	5
866	710	5
79	710	2
1244	710	4
1028	711	5
420	711	4
416	711	4
810	711	5
313	711	5
51	712	5
1019	712	4
1036	712	4
746	712	4
1320	712	3
60	713	5
1234	713	5
183	713	5
536	713	4
742	713	5
670	714	5
372	714	5
1185	714	5
1236	715	4
730	715	5
821	715	5
446	715	5
1076	715	4
1283	715	5
199	716	4
810	716	5
1326	716	4
474	716	2
1274	716	5
874	716	5
383	716	4
1017	716	5
185	716	4
140	717	5
293	717	4
1382	718	5
1300	718	5
196	718	5
1315	718	5
953	718	5
591	718	5
1245	718	5
1135	718	5
440	718	5
786	718	5
1067	718	4
798	718	5
624	718	5
290	718	5
817	718	5
949	718	5
837	718	5
1331	718	5
1167	718	5
310	718	5
401	718	5
572	718	5
1353	718	5
798	719	5
817	719	5
357	720	5
1149	720	5
217	720	3
1194	720	5
1343	720	5
1358	721	4
37	721	5
1352	721	5
423	721	5
148	721	4
1273	721	4
2	721	5
231	721	5
846	722	5
767	722	4
849	722	2
1	723	1
10	723	3
1154	723	5
959	723	5
789	724	5
1365	724	5
570	724	5
1202	724	5
301	724	5
1228	724	4
648	724	4
317	724	5
560	724	5
438	724	5
321	725	5
1148	725	5
31	725	5
1194	725	4
929	725	5
241	726	5
96	726	4
270	726	5
370	726	5
741	726	5
389	727	5
396	727	4
1065	727	5
935	727	5
912	727	4
1318	728	5
864	728	1
359	728	5
1403	728	1
514	728	5
218	728	5
710	728	5
211	728	5
299	728	4
183	728	4
1154	728	5
48	728	4
1428	728	5
748	728	5
806	728	5
1194	728	5
157	728	5
1342	729	4
1057	729	5
282	729	5
1179	729	4
971	729	5
286	730	5
1355	730	4
281	730	5
1272	730	5
241	730	5
647	730	5
410	730	3
1109	730	3
847	730	5
1032	730	5
559	730	4
1102	730	2
1301	730	5
565	730	3
1098	730	4
223	730	4
938	730	1
1343	730	5
435	731	5
710	731	4
1325	731	3
273	731	5
430	731	5
379	731	5
639	732	5
626	732	4
809	732	5
1239	732	5
135	733	5
234	733	5
233	733	5
291	733	4
437	733	5
306	734	3
1284	734	5
180	734	4
628	734	5
1001	734	5
1067	734	5
704	735	1
913	735	5
261	735	5
910	735	5
749	736	4
1128	736	3
520	736	5
157	736	5
162	737	1
1245	737	3
1085	737	5
604	737	5
798	737	5
591	738	5
773	738	5
1156	738	4
1021	738	5
196	739	5
462	739	5
635	739	4
106	740	4
1020	740	4
603	740	4
12	740	5
928	740	5
1194	740	4
1270	741	5
486	742	5
573	742	5
358	742	5
814	742	5
25	743	4
545	743	5
1115	743	4
481	743	3
759	744	5
538	744	5
1360	744	5
210	744	4
1101	745	5
212	745	4
963	745	5
590	745	5
1255	746	5
517	746	5
626	746	3
269	746	3
195	746	2
142	746	5
809	746	5
998	746	4
554	746	3
426	746	4
653	746	5
1424	746	4
827	746	3
1245	746	4
292	746	4
72	746	3
124	746	4
807	746	5
589	746	1
1319	746	4
506	746	5
157	746	3
1353	746	4
1139	747	5
1279	747	2
1381	747	5
883	748	5
1071	748	5
858	748	5
380	748	4
760	748	5
201	748	5
1090	748	5
376	748	5
821	748	3
335	749	5
675	749	5
274	749	5
1194	749	4
883	750	5
344	750	5
1290	750	5
117	750	1
228	750	3
1115	750	5
895	750	5
94	750	5
148	751	4
599	751	4
771	751	5
1391	752	4
654	752	4
455	752	5
534	752	5
54	753	5
318	753	3
1074	753	5
270	753	5
700	753	4
310	753	5
1079	753	5
888	754	4
366	754	4
833	754	5
1022	754	5
246	754	5
510	754	5
1001	754	5
273	754	5
213	754	5
472	754	5
231	754	5
68	755	4
568	755	4
344	755	5
986	755	3
1191	755	5
71	755	1
331	755	5
1385	755	5
524	755	4
24	756	5
1	756	2
722	756	4
517	757	5
891	757	5
928	757	4
5	757	5
969	757	4
1194	757	5
844	758	5
287	758	5
133	758	2
381	758	4
86	758	4
748	758	5
1194	758	5
177	759	5
447	759	3
860	759	4
621	759	4
130	759	5
588	759	5
1185	759	5
14	759	5
127	759	5
1306	759	5
821	759	4
654	759	3
446	759	5
213	759	2
595	759	5
848	759	5
1186	760	5
270	760	5
1222	760	5
1378	760	4
780	761	5
420	761	5
1198	761	5
523	761	4
858	761	4
318	761	5
405	761	5
224	761	3
45	761	5
1206	762	5
815	762	5
447	762	5
429	762	4
621	762	5
749	762	5
375	762	4
578	762	5
240	762	3
1403	762	5
197	762	5
1186	762	5
1400	762	5
998	762	5
880	762	5
1388	762	4
975	762	4
146	762	5
785	762	5
4	762	5
366	762	4
234	762	5
301	762	5
88	762	5
1235	762	3
55	762	5
944	762	5
707	762	5
686	762	4
1091	762	5
433	762	5
988	762	5
1340	762	4
718	762	5
1065	762	5
830	762	2
324	762	4
9	762	4
652	762	4
1373	762	4
1058	762	4
1396	762	3
1138	762	5
1320	762	4
1180	762	4
249	762	5
1407	762	5
406	762	4
720	762	1
437	762	5
643	762	5
77	762	4
123	762	5
1012	762	4
796	762	5
1122	762	5
562	763	4
1236	763	5
1346	763	5
141	763	5
936	763	5
785	763	5
566	763	5
340	763	5
508	763	2
1126	763	5
236	763	5
1151	763	5
1092	763	5
1049	763	5
339	763	4
705	763	5
27	763	5
751	763	5
1139	763	5
38	763	5
421	763	5
1076	763	5
1229	763	5
99	763	3
40	763	5
712	764	5
1223	764	5
1124	764	1
961	764	5
1194	764	5
1179	764	1
802	765	5
199	765	3
942	765	5
491	765	5
1004	765	5
1106	765	5
371	765	5
722	765	5
1313	766	4
1044	766	5
1231	766	3
1147	766	4
451	766	5
40	766	5
97	767	5
582	767	2
928	767	5
742	767	5
409	768	5
1006	768	1
482	768	5
520	768	2
1405	768	4
363	769	5
257	769	2
724	769	5
846	769	5
999	769	5
358	769	5
645	769	3
837	769	5
644	769	5
190	769	4
873	769	4
203	770	5
423	770	5
131	770	5
564	770	4
53	770	4
1040	771	5
846	771	5
1267	771	5
505	771	4
698	771	5
451	771	5
398	771	3
562	772	4
1236	772	4
953	772	2
1243	772	5
1229	772	5
277	772	4
1238	773	5
856	773	5
262	773	5
69	773	5
257	773	5
118	773	4
305	773	5
1030	773	4
44	773	3
330	773	5
248	774	5
127	774	5
324	774	4
1286	774	5
885	774	4
1399	775	5
1379	775	3
812	775	4
1346	775	5
340	775	5
1126	775	4
751	775	4
421	775	5
879	775	5
1369	775	3
1415	776	5
597	776	4
1099	776	1
411	776	4
1101	777	4
1150	777	5
711	777	1
1218	777	5
1216	777	5
92	777	5
266	777	5
709	778	5
797	778	5
92	778	4
1404	778	3
558	778	4
1008	779	5
588	779	4
1168	779	5
1313	779	4
1181	779	4
145	779	5
711	779	5
983	779	3
14	779	4
63	779	5
503	779	5
970	779	5
919	779	4
1245	779	5
1082	779	5
463	779	3
1253	779	5
576	779	3
308	779	4
599	779	5
158	779	1
1373	779	4
1291	779	5
1076	779	5
920	779	4
8	779	5
1380	779	5
1244	779	4
1405	779	5
484	779	5
790	779	5
1279	779	4
1322	779	5
328	780	5
1211	780	4
535	781	5
1220	781	3
393	781	4
231	781	3
1427	782	5
352	782	5
630	782	5
433	782	5
64	782	4
887	782	4
1279	782	4
368	783	5
1016	783	5
111	783	5
1273	783	5
660	783	5
399	784	3
125	784	5
460	784	5
103	784	5
401	784	5
1381	784	5
43	785	5
794	785	4
668	785	5
1412	785	2
1422	785	3
554	785	4
225	785	5
563	785	5
826	785	5
1003	785	5
594	785	3
994	785	5
220	785	5
198	785	3
846	785	3
1419	785	3
145	785	5
986	785	5
891	785	5
729	785	5
854	785	4
941	785	4
339	785	3
1045	785	4
351	785	4
386	785	5
1128	785	4
1312	785	4
1121	785	1
618	785	5
1327	785	3
1199	785	4
1023	785	3
968	785	5
103	785	3
615	785	4
128	785	4
1094	785	5
487	785	5
441	785	3
1039	785	5
439	785	4
1414	785	5
611	785	5
973	785	5
546	785	5
1353	785	5
210	785	4
360	786	5
899	786	5
107	786	5
808	786	4
708	786	5
165	786	5
1324	786	5
1327	786	5
1166	787	5
1076	787	4
793	788	5
707	788	5
717	788	5
1197	788	3
1392	789	4
130	789	5
1284	789	5
1398	789	5
736	789	4
568	789	4
919	789	4
914	789	3
147	789	5
250	790	5
707	790	5
544	790	5
965	790	5
590	790	4
402	791	4
877	791	4
1328	791	5
1212	791	5
962	791	4
349	792	5
620	792	5
1027	792	4
1153	792	4
598	792	5
794	793	4
57	793	3
656	793	5
559	793	5
1244	793	5
359	794	5
514	794	4
1019	794	5
352	794	5
321	794	4
801	794	5
1315	794	5
1148	794	5
581	794	5
935	794	5
678	794	5
441	794	5
379	794	4
1217	794	4
1194	794	4
359	795	5
514	795	5
479	795	5
554	795	3
844	795	5
389	795	4
801	795	5
211	795	5
980	795	5
935	795	5
430	795	5
1328	795	5
379	795	1
912	795	5
1194	795	5
1017	795	5
428	795	5
929	795	5
727	795	5
1423	796	4
1357	796	4
1328	796	2
144	796	5
48	796	5
379	796	5
1161	797	4
1200	797	5
430	797	5
28	797	5
106	798	5
581	798	5
295	798	5
935	798	5
1328	798	5
104	798	5
1194	798	5
365	798	4
1412	799	5
227	799	4
736	799	5
916	799	4
508	799	5
145	799	5
1235	799	5
357	799	5
1082	799	3
565	799	5
1098	799	4
695	799	5
866	799	5
894	799	5
453	800	5
708	800	5
816	800	4
391	800	1
117	800	3
683	800	5
633	801	5
1071	801	4
1271	801	4
90	801	4
105	801	5
763	801	5
1187	801	3
529	801	5
503	801	5
1131	801	5
816	801	4
699	801	4
173	801	3
1013	801	5
872	801	1
349	802	5
350	802	5
1402	802	5
1426	802	4
1349	802	5
324	802	4
1125	802	5
1328	802	4
8	802	5
329	802	4
995	803	4
502	803	5
1038	803	5
1276	803	5
979	803	5
423	803	5
148	803	5
1360	803	4
181	803	5
114	803	5
740	803	5
601	803	5
561	803	5
796	803	5
613	804	5
756	804	5
317	804	3
263	804	4
1144	804	5
1421	804	5
156	805	5
240	805	4
514	805	5
218	805	5
710	805	5
986	805	5
299	805	5
1354	805	5
1058	805	4
48	805	3
1061	805	5
1247	806	5
58	806	5
1179	806	4
737	806	5
769	807	4
394	807	3
88	807	5
819	807	5
1209	807	4
824	807	5
831	808	5
856	808	5
841	808	4
1403	808	5
254	808	5
1280	808	5
952	808	5
576	808	5
291	808	4
395	808	3
110	808	5
718	809	5
1032	809	4
1423	809	4
1266	809	1
1071	810	5
417	810	4
1097	810	5
945	810	5
100	810	5
1201	810	4
110	810	5
738	811	5
1392	811	5
1165	811	2
860	811	5
527	811	5
375	811	5
471	811	5
745	811	4
1169	811	5
1055	811	5
125	811	5
200	811	5
318	811	5
214	811	4
653	811	5
1424	811	5
916	811	4
1337	811	5
994	811	5
321	811	5
1151	811	5
754	811	4
986	811	5
909	811	5
729	811	5
1049	811	5
941	811	4
263	811	5
1152	811	2
1139	811	5
618	811	1
1125	811	5
807	811	5
819	811	5
500	811	4
109	811	5
1291	811	4
137	811	5
395	811	5
452	811	5
1270	811	5
824	811	5
1286	811	5
175	811	5
723	811	5
384	811	5
722	811	5
484	811	5
608	811	5
258	811	4
1205	811	5
1401	811	5
507	812	5
605	812	5
264	812	5
824	812	5
418	813	4
423	813	5
944	813	5
1085	813	5
167	813	5
930	813	4
73	813	4
644	813	5
664	814	5
1346	814	5
56	814	5
821	814	3
38	814	5
374	814	5
1279	814	5
1072	815	5
1038	815	5
30	815	5
192	815	4
631	815	5
741	815	3
987	815	2
282	815	1
676	815	5
1061	815	5
718	816	5
1060	816	5
1425	816	2
918	817	5
1150	817	5
1420	817	4
370	817	5
929	817	4
649	818	5
862	818	5
505	818	4
111	818	5
583	819	5
1256	819	5
852	819	5
1194	819	5
1212	819	5
1359	819	5
471	820	5
76	820	5
19	820	5
142	820	5
730	820	5
674	820	5
1352	820	5
1049	820	5
148	820	5
67	820	4
1031	820	5
819	820	4
1328	820	5
419	820	5
437	820	5
265	820	5
1073	820	5
828	820	3
730	821	5
135	821	5
301	821	5
347	821	5
233	821	5
882	822	4
854	822	5
103	822	5
615	822	5
437	822	4
1343	822	5
1362	823	5
1026	823	4
1159	823	4
411	823	5
1343	823	5
1198	824	4
575	824	4
1076	824	5
482	824	5
1369	824	3
1177	825	5
1161	825	3
528	825	5
287	825	5
377	825	4
536	825	3
313	825	5
1343	825	5
1322	825	5
1025	826	5
1254	826	5
218	826	5
1356	826	1
440	826	5
178	826	4
457	826	5
53	826	5
225	827	5
287	827	5
1010	827	2
996	827	5
1061	827	3
668	828	5
1126	828	5
1317	828	5
96	828	5
919	828	5
1190	828	5
1381	828	5
238	829	5
1243	829	5
1031	829	5
1369	829	5
15	830	5
1346	830	5
141	830	5
793	830	5
821	830	4
1031	830	5
1076	830	5
1410	831	4
605	831	5
122	831	5
300	831	5
106	831	4
1004	831	5
425	831	5
854	831	2
58	831	5
496	831	5
1098	831	4
817	831	1
1404	831	2
411	831	5
1385	831	4
359	832	4
514	832	5
1019	832	5
1287	832	5
1259	832	5
581	832	5
224	832	4
1328	832	1
872	832	5
1194	832	5
864	833	2
359	833	4
514	833	5
435	833	5
321	833	5
1217	833	5
359	834	5
899	834	5
435	834	5
1256	834	1
133	834	4
409	834	2
629	834	5
1428	834	5
912	834	4
748	834	5
383	834	1
1194	834	5
543	834	4
299	835	4
27	835	4
230	835	4
678	835	5
48	835	3
379	835	5
104	835	5
812	836	4
517	836	4
489	836	3
1129	836	3
514	836	3
1259	836	5
898	836	4
713	836	4
86	836	4
1058	836	3
629	836	3
1246	836	3
430	836	5
748	836	5
371	836	4
1409	837	4
1415	837	5
1024	837	4
89	837	5
145	838	5
1084	838	5
381	838	4
758	838	3
49	839	5
841	839	3
1231	839	4
148	839	5
917	839	5
216	839	4
972	839	3
857	839	2
1243	840	5
91	840	4
1229	840	5
860	841	4
588	841	5
674	841	5
305	841	5
370	841	1
1125	841	4
33	841	1
610	841	5
799	842	5
352	842	5
711	842	4
1147	842	4
959	842	5
900	843	5
1379	843	4
1176	843	5
51	843	5
530	843	5
840	843	5
1087	843	5
734	843	5
220	843	5
412	843	5
986	843	5
287	843	5
673	843	5
1370	843	4
351	843	5
567	843	5
746	843	5
1139	843	4
1390	843	5
1292	843	4
1208	843	5
74	843	5
456	843	3
441	843	5
1081	843	5
439	843	4
655	843	4
249	843	4
1110	843	5
1391	844	2
733	844	5
220	844	4
675	844	2
390	844	3
1059	845	5
821	845	5
1260	845	3
1229	845	5
374	845	4
40	845	5
1417	845	5
360	846	4
1313	846	5
508	846	5
1243	846	5
765	846	5
1125	846	5
430	846	4
1076	846	5
1019	847	5
1269	847	4
214	847	5
631	847	4
829	847	4
261	847	3
893	848	5
56	848	5
1004	848	5
763	848	5
886	848	3
766	848	5
1306	848	3
91	848	4
796	848	4
363	849	5
605	849	4
106	849	5
1106	849	2
719	850	5
435	850	5
609	850	4
817	850	1
1378	850	4
154	851	5
613	851	5
1121	851	5
129	852	4
593	852	4
224	852	5
1357	852	4
1396	852	5
866	852	4
731	852	5
265	852	5
1268	852	4
641	852	5
248	853	5
1137	853	4
153	853	5
665	853	5
1421	853	4
36	854	5
1360	854	5
91	854	4
961	854	1
474	855	5
1389	855	5
600	855	5
1111	855	5
287	856	5
675	856	3
224	856	5
742	856	5
873	856	2
65	857	5
867	857	5
1316	857	4
951	857	2
706	858	5
240	858	5
599	858	5
436	858	5
1061	858	5
87	858	5
761	859	5
107	859	4
250	859	4
1297	859	5
1385	859	5
523	860	5
1044	860	5
65	860	5
310	860	5
1299	860	5
233	861	5
1199	861	5
1024	861	5
247	861	4
1021	861	5
1135	862	5
720	862	4
877	863	1
510	863	4
285	863	3
1273	863	5
231	863	5
429	864	5
300	864	1
234	864	5
308	864	4
419	864	5
1258	864	3
670	865	5
936	865	5
218	865	4
444	865	4
913	865	5
954	865	3
460	865	1
772	865	4
1417	865	3
1391	866	5
549	866	5
817	866	5
1081	866	5
664	867	5
1057	867	5
57	867	3
870	867	4
1006	867	1
533	868	5
840	868	5
898	868	5
846	868	5
287	868	5
786	868	5
746	868	5
279	868	4
1390	868	5
1292	868	4
1208	868	5
441	868	4
655	868	3
202	868	5
612	868	5
892	869	5
883	869	5
715	869	5
489	869	5
621	869	5
333	869	5
982	869	5
907	869	5
201	869	5
211	869	5
581	869	5
224	869	4
609	869	5
968	869	1
1154	869	1
1089	869	5
1212	869	5
298	869	5
825	869	5
210	869	4
1038	870	5
220	870	5
320	870	5
1218	870	5
855	870	3
1266	870	2
429	871	4
153	871	4
654	871	5
213	871	5
930	871	5
306	872	4
236	872	4
551	872	5
172	872	5
190	872	5
360	873	5
846	873	4
287	873	5
1191	873	4
51	874	4
530	874	3
683	874	3
796	874	5
976	875	5
79	875	5
882	876	3
466	876	3
983	876	4
373	876	4
818	876	5
190	876	4
1238	877	5
868	877	5
218	877	5
574	877	5
110	877	5
644	877	5
1158	877	5
888	878	5
1231	878	5
65	878	5
13	878	5
392	878	5
1199	878	5
42	879	4
150	879	5
20	879	5
980	879	5
1280	879	5
952	879	5
1235	880	4
31	880	5
110	880	5
141	881	5
1163	881	5
374	881	5
1369	881	5
1417	881	5
42	882	5
1403	882	5
658	882	4
65	882	5
1331	882	4
632	882	5
593	883	5
195	883	4
779	883	2
20	883	5
264	883	5
975	883	5
651	883	2
250	883	5
143	883	5
263	883	5
751	883	5
818	883	5
978	883	3
570	883	5
1140	883	4
616	883	5
632	883	5
899	884	5
951	884	5
1421	884	5
1205	884	5
736	885	5
45	885	5
234	886	5
1267	886	4
1063	886	5
555	886	4
885	886	5
289	887	5
656	887	5
935	887	5
723	887	5
857	887	5
25	888	3
846	888	5
883	889	4
937	889	5
956	889	5
969	889	3
958	890	5
1075	890	5
224	890	3
1068	890	5
514	891	5
406	891	4
1237	891	5
1083	891	1
679	892	5
705	892	1
1424	893	4
1049	893	5
1124	893	2
437	893	5
727	893	4
900	894	5
1176	894	5
51	894	5
220	894	3
378	894	5
846	894	2
986	894	5
287	894	2
729	894	4
347	894	5
351	894	3
302	894	5
786	894	5
439	894	5
655	894	4
612	894	5
220	895	5
287	895	5
786	895	5
672	895	4
279	895	5
1173	896	5
378	896	5
846	896	4
786	896	5
978	896	5
279	896	4
1390	896	5
456	896	5
441	896	5
1173	897	5
1379	897	4
43	897	5
51	897	5
668	897	5
530	897	4
840	897	5
1087	897	5
734	897	5
556	897	5
378	897	5
986	897	5
673	897	5
746	897	5
1390	897	5
456	897	5
441	897	5
1320	897	5
1081	897	3
439	897	5
43	898	5
840	898	5
986	898	5
976	898	5
302	898	4
456	898	5
1081	898	2
43	899	5
840	899	5
986	899	5
287	899	5
673	899	4
729	899	5
302	899	3
45	899	5
279	899	5
1390	899	4
720	899	4
683	899	4
